021435 234501 1,3,1 
023415 234501 1,3 
023154 235041 1,2 
021435 240513 1,2,1 
021435 243501 1,2,1 
024135 245013 1,3,1 
024153 245031 1,2 
024315 245301 1,1,1 
021354 250341 1,2,1 
032154 250341 1,1 
021543 250431 1,1 
032154 253041 1,2,1 
021534 253401 1,3,2 
021543 253401 1,2,1 
032514 253401 1,3,1 
103425 314502 1,2 
103254 315042 1,1 
103254 315240 1,2,1 
031425 340512 1,3,1 
130425 341502 1,2 
032415 342501 1,1,1 
013245 345012 1,4,4,1 
013254 345012 1,3,2 
014325 345012 1,4,2 
032145 345012 1,4,2 
032154 345012 1,3,1 
034125 345012 1,4,1 
103245 345012 1,3,2 
103254 345012 1,2,1 
104325 345012 1,3,1 
032154 345021 1,2,1 
104325 345102 1,2,1 
103254 345120 1,3,2 
104352 345120 1,3,1 
132054 345120 1,3,1 
134052 345120 1,3 
034215 345201 1,0,2 
031254 350142 1,2 
032154 350241 1,2,1 
031524 350412 1,2 
130254 351240 1,3,2 
132054 351240 1,2,1 
130524 351402 1,2 
130542 351420 1,2 
032154 352041 1,1,1 
032514 352401 1,2,1 
032154 354012 1,2,1 
032154 354021 1,1,1 
132054 354120 1,2,1 
102435 412503 1,2,1 
104325 412503 1,1 
104325 413502 1,2,1 
104235 415023 1,2 
104325 415203 1,2,1 
104253 415230 1,3,2 
104352 415230 1,2,1 
104325 415302 1,1,1 
210435 421503 1,1 
201435 423501 1,3,2 
204315 423501 1,3,1 
210435 423501 1,2,1 
204135 425013 1,2 
204153 425031 1,2 
214053 425130 1,2 
204315 425301 1,2,1 
104325 435012 1,2,1 
104325 435102 1,1,1 
104352 435120 1,2,1 
021435 450123 1,3,1 
041235 450123 1,3 
021435 450213 1,2,1 
021453 450231 1,3,2 
021543 450231 1,2,1 
042153 450231 1,3,1 
041325 450312 1,1,1 
120435 451203 1,3,2 
140325 451203 1,3,1 
210435 451203 1,2,1 
120453 451230 1,4,4 
120543 451230 1,3,2 
140253 451230 1,4,3 
140352 451230 1,3,1 
142053 451230 1,3,1 
143052 451230 1,1 
210453 451230 1,3,2 
210543 451230 1,2,1 
140325 451302 1,2,1 
140532 451320 1,2 
042135 452013 1,1,1 
042153 452031 1,2,1 
241053 452130 1,2 
021435 452301 1,3,3,1 
021543 452301 1,3,2 
042315 452301 1,3,2 
042513 452301 1,3,1 
043215 452301 1,2,1 
210435 452301 1,3,2 
210543 452301 1,3,1 
240315 452301 1,3,1 
240513 452301 1,3 
210543 452310 1,2,1 
043125 453012 1,0,2 
143052 453120 1,1,1 
043215 453201 1,0,0,1 
102354 512340 1,3,3,1 
103254 512340 1,2,1 
102543 512430 1,2,1 
103254 513042 1,2,1 
103254 513240 1,2,1 
103524 513402 1,3,2 
105324 513402 1,2,1 
103542 513420 1,2,1 
105243 514230 1,2,1 
105432 514320 1,1 
210354 521340 1,2,1 
210543 521430 1,1,1 
203154 523041 1,3,2 
302154 523041 1,2,1 
213054 523140 1,2,1 
201534 523401 1,4,4 
201543 523401 1,3,2 
203514 523401 1,4,3 
205314 523401 1,3,1 
210534 523401 1,3,2 
210543 523401 1,2,1 
302514 523401 1,3,1 
305214 523401 1,1 
210543 523410 1,2,1 
205143 524031 1,2 
215043 524130 1,2,1 
205413 524301 1,2 
310254 531240 1,2,1 
310524 531402 1,2 
310542 531420 1,2,1 
321054 532140 1,1 
320514 532401 1,2 
103254 534012 1,3,2 
105324 534012 1,3,1 
302154 534012 1,3,1 
305124 534012 1,3 
302154 534021 1,2,1 
105324 534102 1,2,1 
103254 534120 1,3,3,1 
105342 534120 1,3,2 
105432 534120 1,2,1 
312054 534120 1,3,2 
315042 534120 1,3,1 
321054 534120 1,2,1 
305214 534201 1,1,1 
210543 541230 1,2,1 
210543 542301 1,2,1 
210543 542310 1,1,1 