0213546 2305614 1,2,1 
0214365 2306451 1,2,1 
0213546 2345601 1,4,3 
0214536 2345601 1,4,2 
0231546 2345601 1,4,2 
0234516 2345601 1,4 
0214365 2346051 1,3,1 
0234165 2346051 1,3 
0231546 2350614 1,3,2 
0231546 2354601 1,3,2 
0215346 2356014 1,4,3 
0215436 2356014 1,2,1 
0235146 2356014 1,4,2 
0215364 2356041 1,3,1 
0215463 2356041 1,2,1 
0235164 2356041 1,3 
0215436 2356401 1,2,1,1 
0235416 2356401 1,2,1 
0231465 2360451 1,3,2 
0241365 2360451 1,2,1 
0243165 2360451 1,1 
0231654 2360541 1,2 
0243165 2364051 1,3,2 
0231645 2364501 1,4,4 
0231654 2364501 1,3,2 
0241635 2364501 1,4,3 
0241653 2364501 1,2,1 
0243615 2364501 1,4,2 
0214536 2405613 1,3,2 
0214365 2406153 1,2,1 
0214365 2406351 1,2,1 
0214536 2435601 1,3,2 
0214365 2436051 1,2,1 
0241536 2450613 1,4,3 
0241536 2453601 1,2,2 
0243516 2453601 1,2,1 
0214356 2456013 1,5,7,3 
0214365 2456013 1,4,4,1 
0215436 2456013 1,5,5,1 
0243156 2456013 1,5,4 
0243165 2456013 1,4,2 
0245136 2456013 1,5,3 
0214365 2456031 1,3,2 
0215463 2456031 1,3,1 
0243165 2456031 1,3,1 
0245163 2456031 1,3 
0215436 2456301 1,1,2,1 
0245316 2456301 1,1,2 
0241365 2460153 1,3,1 
0241365 2460351 1,3,2 
0243165 2460351 1,2,1 
0241635 2460513 1,3,1 
0241653 2460531 1,2 
0243165 2463051 1,2,2 
0241635 2463501 1,3,3 
0241653 2463501 1,2,1 
0243615 2463501 1,3,2 
0243165 2465013 1,3,2 
0243165 2465031 1,2,1 
0213546 2501634 1,2,1 
0213546 2503614 1,2,1 
0215436 2503614 1,1 
0321546 2503614 1,1 
0215436 2504613 1,2,1 
0215346 2506134 1,3,2 
0215436 2506314 1,2,1 
0215364 2506341 1,3,2 
0215463 2506341 1,2,1 
0325164 2506341 1,2 
0215436 2506413 1,1,1,1 
0321546 2530614 1,2,1 
0213546 2534601 1,4,5,2 
0215436 2534601 1,4,4,1 
0321546 2534601 1,4,4,1 
0325416 2534601 1,4,2 
0215346 2536014 1,3,2 
0215436 2536014 1,2,1 
0325146 2536014 1,3,1 
0215364 2536041 1,3,2 
0215463 2536041 1,2,1 
0325164 2536041 1,3,1 
0215436 2536401 1,3,3,1 
0325416 2536401 1,3,2 
0215436 2546013 1,3,3,1 
0215463 2546031 1,2,1 
0215436 2546301 1,1,1,1 
0231546 2560134 1,4,3 
0251346 2560134 1,4,2 
0321546 2560134 1,2,1 
0231546 2560314 1,3,2 
0251436 2560314 1,3,1 
0321546 2560314 1,2,1 
0231564 2560341 1,4,4 
0231654 2560341 1,3,2 
0251364 2560341 1,4,3 
0251463 2560341 1,3,1 
0253164 2560341 1,3,1 
0254163 2560341 1,1 
0321564 2560341 1,3,2 
0321654 2560341 1,2,1 
0352164 2560341 1,2 
0251436 2560413 1,2,1,1 
0251643 2560431 1,2 
0253146 2563014 1,2,2 
0254136 2563014 1,2,1 
0352146 2563014 1,2,1 
0253164 2563041 1,3,3 
0254163 2563041 1,2,1 
0352164 2563041 1,3,2 
0231546 2563401 1,4,6,3 
0231654 2563401 1,4,5,1 
0251436 2563401 1,4,5,1 
0251634 2563401 1,4,4 
0251643 2563401 1,3,2 
0253416 2563401 1,4,4 
0253614 2563401 1,4,3 
0254316 2563401 1,3,2 
0254613 2563401 1,2,1 
0321546 2563401 1,4,5,2 
0321654 2563401 1,4,4,1 
0352416 2563401 1,4,3 
0352614 2563401 1,4,2 
0354216 2563401 1,2,1 
0254136 2564013 1,1,2,1 
0254163 2564031 1,1,1 
0254316 2564301 1,1,0,1 
0214365 2601453 1,2,1 
0213465 2603451 1,3,3,1 
0214365 2603451 1,2,1 
0321465 2603451 1,2,1 
0324165 2603451 1,1 
0421365 2603451 1,1 
0213654 2603541 1,2,1 
0321654 2603541 1,1 
0214365 2604153 1,2,1 
0214365 2604351 1,2,1 
0423165 2604351 1,1 
0214635 2604513 1,3,2 
0216435 2604513 1,2,1 
0421635 2604513 1,2 
0214653 2604531 1,2,1 
0421653 2604531 1,1 
0216354 2605341 1,2,1 
0326154 2605341 1,1 
0216543 2605431 1,1 
0321465 2630451 1,3,3,1 
0421365 2630451 1,2,1 
0321654 2630541 1,2,1 
0214365 2634051 1,4,5,2 
0324165 2634051 1,4,4,1 
0423165 2634051 1,3,2 
0213645 2634501 1,5,8,4 
0213654 2634501 1,4,5,2 
0214635 2634501 1,5,7,3 
0214653 2634501 1,3,3,1 
0216435 2634501 1,4,4,1 
0321645 2634501 1,5,7,2 
0321654 2634501 1,4,4,1 
0324615 2634501 1,5,5,1 
0326415 2634501 1,4,2 
0421635 2634501 1,4,3 
0421653 2634501 1,2,1 
0423615 2634501 1,4,2 
0426315 2634501 1,2 
0216354 2635041 1,3,2 
0326154 2635041 1,3,1 
0216534 2635401 1,3,2 
0216543 2635401 1,2,1 
0326514 2635401 1,3,1 
0421365 2640153 1,2,1 
0421365 2640351 1,2,1 
0432165 2640351 1,1 
0421635 2640513 1,3,2 
0421653 2640531 1,2,1 
0432165 2643051 1,2,1 
0421635 2643501 1,3,2 
0421653 2643501 1,2,1 
0432615 2643501 1,3,1 
0214365 2645013 1,4,5,2 
0216435 2645013 1,4,4,1 
0423165 2645013 1,4,3 
0426135 2645013 1,4,2 
0432165 2645013 1,2,1 
0214365 2645031 1,3,3,1 
0216453 2645031 1,3,2 
0216543 2645031 1,2,1 
0423165 2645031 1,3,2 
0426153 2645031 1,3,1 
0432165 2645031 1,2,1 
0216435 2645301 1,2,2,1 
0216543 2645301 1,2,1 
0426315 2645301 1,2,2 
0426513 2645301 1,2,1 
0436215 2645301 1,2,1 
0321654 2650341 1,2,1 
0321654 2653401 1,3,3,1 
1032546 3125604 1,2,1 
1034265 3126450 1,2,1 
1032546 3145602 1,3,1 
1034526 3145602 1,3 
1034265 3146052 1,2 
1034265 3146250 1,2,1 
1032546 3150624 1,2,1 
1032546 3152604 1,2,1 
1032546 3154602 1,2,1 
1035246 3156024 1,3,1 
1035264 3156042 1,2 
1035426 3156204 1,2,1 
1035264 3156240 1,3,2 
1035462 3156240 1,2,1 
1035426 3156402 1,1,1 
1032465 3160452 1,2,1 
1043265 3160452 1,1 
1032654 3160542 1,1 
1032465 3162450 1,3,3,1 
1043265 3162450 1,2,1 
1032654 3162540 1,2,1 
1043265 3164052 1,2,1 
1043265 3164250 1,2,1 
1032645 3164502 1,3,2 
1032654 3164502 1,2,1 
1043625 3164502 1,3,1 
1032654 3164520 1,2,1 
1043652 3164520 1,2,1 
0312546 3405612 1,4,3 
0314526 3405612 1,4,2 
0321546 3405612 1,2,1 
0314265 3406152 1,3,1 
0324165 3406251 1,2,1 
1302546 3415602 1,3,1 
1304526 3415602 1,3 
1320546 3415602 1,2,1 
1304265 3416052 1,2 
1304265 3416250 1,3,2 
1324065 3416250 1,2,1 
0321546 3425601 1,2,1,1 
0324516 3425601 1,2,1 
0324165 3426051 1,1,1 
0132546 3450612 1,5,7,3 
0143526 3450612 1,5,4 
0321546 3450612 1,5,5,1 
0341526 3450612 1,5,3 
1032546 3450612 1,4,4,1 
1043526 3450612 1,4,2 
1032546 3451602 1,3,2 
1043526 3451602 1,3,1 
1320546 3451602 1,3,1 
1340526 3451602 1,3 
0321546 3452601 1,1,2,1 
0342516 3452601 1,1,2 
0134256 3456012 1,6,12,7 
0134265 3456012 1,5,8,3 
0135246 3456012 1,6,10,4 
0135264 3456012 1,4,4 
0135426 3456012 1,6,7,1 
0143256 3456012 1,6,9,4 
0143265 3456012 1,5,6,2 
0145326 3456012 1,6,5 
0314256 3456012 1,6,10,4 
0314265 3456012 1,5,6,1 
0315246 3456012 1,6,8,2 
0315264 3456012 1,4,3 
0315426 3456012 1,6,6,1 
0324156 3456012 1,6,7,1 
0324165 3456012 1,5,4 
0325146 3456012 1,6,6,1 
0325164 3456012 1,4,2 
0342156 3456012 1,6,5 
0342165 3456012 1,5,3 
0345126 3456012 1,6,3 
1034256 3456012 1,5,8,3 
1034265 3456012 1,4,5,1 
1035246 3456012 1,5,6,1 
1035264 3456012 1,3,2 
1035426 3456012 1,5,4 
1043256 3456012 1,5,6,2 
1043265 3456012 1,4,4,1 
1045326 3456012 1,5,3 
1304256 3456012 1,4,4 
1304265 3456012 1,3,2 
1305246 3456012 1,4,3 
1305264 3456012 1,2,1 
1305426 3456012 1,4,2 
0324165 3456021 1,3,3 
0325164 3456021 1,3,2 
0342165 3456021 1,3,2 
1035426 3456102 1,3,3 
1045326 3456102 1,3,2 
1305426 3456102 1,3,2 
1034265 3456120 1,4,5,1 
1035264 3456120 1,4,4 
1035462 3456120 1,4,3 
1043265 3456120 1,4,4,1 
1045362 3456120 1,4,2 
1304265 3456120 1,4,4 
1305264 3456120 1,4,3 
1305462 3456120 1,4,2 
1324065 3456120 1,4,3 
1325064 3456120 1,4,2 
1342065 3456120 1,4,2 
1345062 3456120 1,4 
0325416 3456201 1,0,3,1 
0345216 3456201 1,0,3 
0132465 3460152 1,4,4,1 
0143265 3460152 1,4,2 
0321465 3460152 1,4,2 
0341265 3460152 1,4,1 
1032465 3460152 1,3,2 
1043265 3460152 1,3,1 
0321465 3460251 1,3,3,1 
0342165 3460251 1,3,2 
0132645 3460512 1,4,4,1 
0132654 3460512 1,3,2 
0143625 3460512 1,4,2 
0321645 3460512 1,4,2 
0321654 3460512 1,3,1 
0341625 3460512 1,4,1 
1032645 3460512 1,3,2 
1032654 3460512 1,2,1 
1043625 3460512 1,3,1 
0321654 3460521 1,2,1 
1043265 3461052 1,2,1 
1032465 3461250 1,4,5,2 
1043265 3461250 1,4,4,1 
1320465 3461250 1,4,4,1 
1340265 3461250 1,4,3 
1342065 3461250 1,3,2 
1032645 3461502 1,3,2 
1032654 3461502 1,2,1 
1043625 3461502 1,3,1 
1320645 3461502 1,3,1 
1320654 3461502 1,2,1 
1340625 3461502 1,3 
1032654 3461520 1,3,2 
1043652 3461520 1,3,1 
1320654 3461520 1,3,1 
1340652 3461520 1,3 
0342165 3462051 1,1,2 
0321645 3462501 1,2,2,1 
0321654 3462501 1,1,1,1 
0342615 3462501 1,2,2 
0143265 3465012 1,4,5,2 
0342165 3465012 1,4,3 
1043265 3465012 1,3,3,1 
0342165 3465021 1,2,2 
1043265 3465120 1,3,3,1 
1342065 3465120 1,3,2 
0312546 3501624 1,3,2 
0321546 3502614 1,2,1 
0312546 3504612 1,3,2 
0315426 3504612 1,3,1 
0321546 3504612 1,2,1 
0315246 3506124 1,4,3 
0315264 3506142 1,3,1 
0325164 3506241 1,3,2 
0315426 3506412 1,2,1,1 
1302546 3512604 1,3,2 
1305426 3512604 1,2 
1320546 3512604 1,2,1 
1302546 3514602 1,3,2 
1305426 3514602 1,3,1 
1320546 3514602 1,2,1 
1305246 3516024 1,3,1 
1305264 3516042 1,2 
1305426 3516204 1,3,2 
1305264 3516240 1,4,4 
1305462 3516240 1,3,2 
1325064 3516240 1,3,2 
1305426 3516402 1,2,1 
0321546 3520614 1,1,1,1 
0321546 3524601 1,3,3,1 
0325416 3524601 1,3,2 
0325146 3526014 1,2,1,1 
0325164 3526041 1,2,1 
0325416 3526401 1,2,2 
0321546 3540612 1,3,3,1 
1320546 3541602 1,2,1 
0321546 3542601 1,1,1,1 
0315246 3546012 1,4,6,2 
0315264 3546012 1,3,3 
0315426 3546012 1,4,4,1 
0325146 3546012 1,4,4,1 
0325164 3546012 1,3,2 
1305246 3546012 1,3,3 
1305264 3546012 1,2,1 
1305426 3546012 1,3,2 
0325164 3546021 1,2,2 
1305426 3546102 1,2,2 
1305264 3546120 1,3,3 
1305462 3546120 1,3,2 
1325064 3546120 1,3,2 
0325416 3546201 1,0,2,1 
0132546 3560124 1,5,7,3 
0153246 3560124 1,5,4 
0321546 3560124 1,5,5,1 
0351246 3560124 1,5,3 
1032546 3560124 1,4,4,1 
1053246 3560124 1,4,2 
0132564 3560142 1,4,4,1 
0132654 3560142 1,3,2 
0153264 3560142 1,4,2 
0321564 3560142 1,4,2 
0321654 3560142 1,3,1 
0351264 3560142 1,4,1 
1032564 3560142 1,3,2 
1032654 3560142 1,2,1 
1053264 3560142 1,3,1 
0321546 3560214 1,3,3,1 
0321564 3560241 1,4,5,2 
0321654 3560241 1,3,3,1 
0352164 3560241 1,4,3 
0132546 3560412 1,3,3,2,1 
0132654 3560412 1,3,2 
0153426 3560412 1,3,2,1 
0153624 3560412 1,3,1 
0154326 3560412 1,2,1 
0321546 3560412 1,3,2,1 
0321654 3560412 1,3,1 
0351426 3560412 1,3,1,1 
0351624 3560412 1,3 
1032546 3560412 1,2,2,1 
1032654 3560412 1,2,1 
1053426 3560412 1,2,2 
1053624 3560412 1,2,1 
1054326 3560412 1,2,1 
0321654 3560421 1,2,1 
1053246 3561024 1,3,2 
1053264 3561042 1,2,1 
1032546 3561204 1,4,5,2 
1053426 3561204 1,4,3 
1054326 3561204 1,2,1 
1320546 3561204 1,4,4,1 
1350426 3561204 1,4,2 
1032564 3561240 1,5,8,4 
1032654 3561240 1,4,5,2 
1053264 3561240 1,5,6,1 
1053462 3561240 1,4,3 
1054362 3561240 1,2,1 
1320564 3561240 1,5,7,2 
1320654 3561240 1,4,4,1 
1350264 3561240 1,5,5 
1350462 3561240 1,4,2 
1352064 3561240 1,4,3 
1354062 3561240 1,1 
1032546 3561402 1,3,3,1 
1032654 3561402 1,3,2 
1053426 3561402 1,3,2 
1053624 3561402 1,3,1 
1054326 3561402 1,2,1 
1320546 3561402 1,3,2 
1320654 3561402 1,3,1 
1350426 3561402 1,3,1 
1350624 3561402 1,3 
1032654 3561420 1,3,2 
1053642 3561420 1,3,1 
1054632 3561420 1,2,1 
1320654 3561420 1,3,1 
1350642 3561420 1,3 
0352146 3562014 1,1,2,1 
0352164 3562041 1,2,2 
0321546 3562401 1,3,4,2 
0321654 3562401 1,3,3,1 
0352416 3562401 1,3,3 
0352614 3562401 1,3,2 
0354216 3562401 1,2,1 
0153246 3564012 1,2,3,3,1 
0153264 3564012 1,2,2,1 
0154326 3564012 1,2,2,2 
0352146 3564012 1,2,3,1 
0352164 3564012 1,2,2 
0354126 3564012 1,2,2,1 
1053246 3564012 1,1,2,2 
1053264 3564012 1,1,1,1 
1054326 3564012 1,1,2,1 
0352164 3564021 1,1,2 
1054326 3564102 1,1,1,1 
1053264 3564120 1,2,2,1 
1054362 3564120 1,2,1,1 
1352064 3564120 1,2,2 
1354062 3564120 1,2,1 
0354216 3564201 1,0,1,1 
0312465 3601452 1,3,2 
0314265 3601452 1,2,1 
0413265 3601452 1,1 
0312654 3601542 1,2 
0321465 3602451 1,3,3,1 
0324165 3602451 1,2,1 
0321654 3602541 1,2,1 
0314265 3604152 1,3,2 
0413265 3604152 1,2,1 
0324165 3604251 1,2,1 
0432165 3604251 1,1 
0312645 3604512 1,4,4 
0312654 3604512 1,3,2 
0314625 3604512 1,4,3 
0316425 3604512 1,3,1 
0321645 3604512 1,3,2 
0321654 3604512 1,2,1 
0413625 3604512 1,3,1 
0416325 3604512 1,1 
0431625 3604512 1,2 
0321654 3604521 1,2,1 
0316254 3605142 1,2 
0326154 3605241 1,2,1 
0316524 3605412 1,2 
1302465 3612450 1,4,5,2 
1304265 3612450 1,3,2 
1320465 3612450 1,3,3,1 
1324065 3612450 1,2,1 
1403265 3612450 1,2,1 
1430265 3612450 1,1 
1302654 3612540 1,3,2 
1320654 3612540 1,2,1 
1304265 3614052 1,3,2 
1403265 3614052 1,2,1 
1304265 3614250 1,3,2 
1324065 3614250 1,2,1 
1403265 3614250 1,2,1 
1432065 3614250 1,1 
1302645 3614502 1,4,4 
1302654 3614502 1,3,2 
1304625 3614502 1,4,3 
1306425 3614502 1,3,1 
1320645 3614502 1,3,2 
1320654 3614502 1,2,1 
1403625 3614502 1,3,1 
1406325 3614502 1,1 
1430625 3614502 1,2 
1302654 3614520 1,3,2 
1304652 3614520 1,3,2 
1320654 3614520 1,2,1 
1403652 3614520 1,2,1 
1430652 3614520 1,1 
1306254 3615042 1,2 
1306254 3615240 1,3,2 
1326054 3615240 1,2,1 
1306524 3615402 1,2 
1306542 3615420 1,2 
0321465 3620451 1,2,2,1 
0432165 3620451 1,1 
0321654 3620541 1,1,1 
0324165 3624051 1,3,3,1 
0432165 3624051 1,2,1 
0321645 3624501 1,4,5,2 
0321654 3624501 1,3,3,1 
0324615 3624501 1,4,4,1 
0326415 3624501 1,3,2 
0432615 3624501 1,3,1 
0436215 3624501 1,1 
0326154 3625041 1,2,1 
0326514 3625401 1,2,1 
0321465 3640152 1,3,3,1 
0431265 3640152 1,3,2 
0321465 3640251 1,2,2,1 
0432165 3640251 1,2,1 
0321645 3640512 1,4,5,2 
0321654 3640512 1,3,3,1 
0431625 3640512 1,4,3 
0321654 3640521 1,2,2,1 
1320465 3641250 1,3,3,1 
1430265 3641250 1,3,2 
1432065 3641250 1,2,1 
1320645 3641502 1,3,2 
1320654 3641502 1,2,1 
1430625 3641502 1,3,1 
1320654 3641520 1,3,3,1 
1430652 3641520 1,3,2 
0432165 3642051 1,1,1,1 
0321645 3642501 1,2,1,2 
0321654 3642501 1,1,1,1 
0432615 3642501 1,2,1,1 
0314265 3645012 1,5,9,5 
0316245 3645012 1,5,8,3 
0316254 3645012 1,4,5,1 
0316425 3645012 1,5,6,1 
0316524 3645012 1,3,2 
0324165 3645012 1,5,7,3 
0326145 3645012 1,5,6,2 
0326154 3645012 1,4,4,1 
0413265 3645012 1,5,7,3 
0416325 3645012 1,5,4 
0432165 3645012 1,5,5,1 
0436125 3645012 1,5,3 
1304265 3645012 1,4,5,1 
1306245 3645012 1,4,4 
1306254 3645012 1,3,2 
1306425 3645012 1,4,3 
1306524 3645012 1,2,1 
1403265 3645012 1,4,4,1 
1406325 3645012 1,4,2 
0324165 3645021 1,3,4,2 
0326154 3645021 1,3,3,1 
0432165 3645021 1,3,3,1 
1306425 3645102 1,3,3 
1306524 3645102 1,2,1 
1406325 3645102 1,3,2 
1304265 3645120 1,4,6,3 
1306254 3645120 1,4,5,1 
1306452 3645120 1,4,4 
1306542 3645120 1,3,2 
1324065 3645120 1,4,5,2 
1326054 3645120 1,4,4,1 
1403265 3645120 1,4,5,2 
1406352 3645120 1,4,3 
1406532 3645120 1,2,1 
1432065 3645120 1,4,4,1 
1436052 3645120 1,4,2 
0326415 3645201 1,1,2,2 
0326514 3645201 1,1,1,1 
0436215 3645201 1,1,2,1 
0321654 3650142 1,2,1 
0321654 3650241 1,2,2,1 
0321654 3650412 1,2,1 
0321654 3650421 1,1,1 
1320654 3651240 1,3,3,1 
1320654 3651402 1,2,1 
1320654 3651420 1,2,1 
0321654 3652401 1,2,2,1 
1024536 4125603 1,3,2 
1042536 4125603 1,2,1 
1043526 4125603 1,1 
1024365 4126053 1,2,1 
1043265 4126053 1,1 
1024365 4126350 1,3,3,1 
1043265 4126350 1,2,1 
1043526 4135602 1,3,2 
1043265 4136052 1,2,1 
1043265 4136250 1,2,1 
1042536 4150623 1,3,1 
1042536 4152603 1,3,2 
1043526 4152603 1,2,1 
1043526 4153602 1,2,2 
1024356 4156023 1,4,4,1 
1024365 4156023 1,3,2 
1025436 4156023 1,4,2 
1043256 4156023 1,4,2 
1043265 4156023 1,3,1 
1045236 4156023 1,4,1 
1043265 4156032 1,2,1 
1025436 4156203 1,3,3,1 
1045326 4156203 1,3,2 
1024365 4156230 1,4,5,2 
1025463 4156230 1,4,4,1 
1043265 4156230 1,4,4,1 
1045263 4156230 1,4,3 
1045362 4156230 1,3,2 
1045326 4156302 1,1,2 
1042365 4160253 1,2 
1043265 4160352 1,2,1 
1042635 4160523 1,2 
1043265 4162053 1,2,1 
1042365 4162350 1,4,5,2 
1043265 4162350 1,3,3,1 
1042635 4162503 1,3,2 
1043625 4162503 1,2,1 
1042653 4162530 1,3,2 
1043652 4162530 1,2,1 
1043265 4163052 1,2,2,1 
1043265 4163250 1,2,1 
1043625 4163502 1,3,3,1 
1043652 4163520 1,2,1 
1043265 4165023 1,2,1 
1043265 4165032 1,1,1 
1043265 4165230 1,3,3,1 
2104536 4215603 1,2 
2104365 4216053 1,1 
2104365 4216350 1,2,1 
2014536 4235601 1,4,4 
2041536 4235601 1,4,3 
2043516 4235601 1,4,2 
2104536 4235601 1,3,2 
2140536 4235601 1,2,1 
2014365 4236051 1,3,2 
2043165 4236051 1,3,1 
2104365 4236051 1,2,1 
2104365 4236150 1,2,1 
2143065 4236150 1,2,1 
2041536 4250613 1,3,1 
2140536 4251603 1,2 
2041536 4253601 1,3,3 
2043516 4253601 1,3,2 
2140536 4253601 1,2,1 
2014356 4256013 1,4,4,1 
2014365 4256013 1,3,2 
2015436 4256013 1,4,2 
2043156 4256013 1,4,2 
2043165 4256013 1,3,1 
2045136 4256013 1,4,1 
2104356 4256013 1,3,2 
2104365 4256013 1,2,1 
2105436 4256013 1,3,1 
2014365 4256031 1,3,2 
2015463 4256031 1,3,1 
2043165 4256031 1,3,1 
2045163 4256031 1,3 
2104365 4256031 1,2,1 
2105463 4256031 1,2,1 
2105436 4256103 1,2,1 
2104365 4256130 1,3,2 
2105463 4256130 1,3,1 
2143065 4256130 1,3,1 
2145063 4256130 1,3 
2015436 4256301 1,2,2,1 
2045316 4256301 1,2,2 
2105436 4256301 1,1,1,1 
2041365 4260153 1,2 
2041365 4260351 1,3,2 
2043165 4260351 1,2,1 
2041635 4260513 1,2 
2041653 4260531 1,2 
2140365 4261350 1,3,2 
2143065 4261350 1,2,1 
2140635 4261503 1,2 
2140653 4261530 1,2 
2043165 4263051 1,3,3,1 
2143065 4263150 1,2,1 
2041635 4263501 1,4,5,1 
2041653 4263501 1,3,2 
2043615 4263501 1,4,4,1 
2140635 4263501 1,3,2 
2140653 4263501 1,2,1 
2140653 4263510 1,2,1 
2043165 4265013 1,2,1 
2043165 4265031 1,2,1 
2143065 4265130 1,2,1 
1043526 4350612 1,3,2 
1043526 4351602 1,2,1 
1043256 4356012 1,4,5,2 
1043265 4356012 1,3,3,1 
1045326 4356012 1,4,3 
1045326 4356102 1,2,2 
1043265 4356120 1,3,3,1 
1045362 4356120 1,3,2 
1043265 4360152 1,2,1 
1043625 4360512 1,2,1 
1043265 4361052 1,1,1 
1043265 4361250 1,3,3,1 
1043625 4361502 1,2,1 
1043652 4361520 1,2,1 
1043265 4365012 1,2,2,1 
1043265 4365120 1,2,2,1 
0214536 4501623 1,4,3 
0215436 4501623 1,2,1 
0412536 4501623 1,4,2 
0214536 4502613 1,3,2 
0215436 4502613 1,2,1 
0421536 4502613 1,3,1 
0413526 4503612 1,2,2 
0415326 4503612 1,2,1 
0431526 4503612 1,2,1 
0214356 4506123 1,5,7,3 
0214365 4506123 1,4,4,1 
0215436 4506123 1,5,5,1 
0413256 4506123 1,5,4 
0413265 4506123 1,4,2 
0415236 4506123 1,5,3 
0413265 4506132 1,3,2 
0215436 4506213 1,3,3,1 
0214365 4506231 1,4,5,2 
0215463 4506231 1,4,4,1 
0423165 4506231 1,4,3 
0425163 4506231 1,4,2 
0432165 4506231 1,2,1 
0415326 4506312 1,1,2,1 
1204536 4512603 1,4,4 
1205436 4512603 1,3,2 
1402536 4512603 1,4,3 
1403526 4512603 1,3,1 
1405326 4512603 1,2 
1420536 4512603 1,3,1 
1430526 4512603 1,1 
2104536 4512603 1,3,2 
2105436 4512603 1,2,1 
1403526 4513602 1,3,3 
1405326 4513602 1,3,2 
1430526 4513602 1,2,1 
1204356 4516023 1,4,4,1 
1204365 4516023 1,3,2 
1205436 4516023 1,4,2 
1403256 4516023 1,4,2 
1403265 4516023 1,3,1 
1405236 4516023 1,4,1 
2104356 4516023 1,3,2 
2104365 4516023 1,2,1 
2105436 4516023 1,3,1 
1403265 4516032 1,2,1 
1205436 4516203 1,4,5,2 
1405326 4516203 1,4,3 
2105436 4516203 1,3,3,1 
1204365 4516230 1,5,8,4 
1205463 4516230 1,5,7,2 
1403265 4516230 1,5,6,1 
1405263 4516230 1,5,5 
1405362 4516230 1,4,3 
1423065 4516230 1,4,3 
1425063 4516230 1,4,2 
1432065 4516230 1,2,1 
1435062 4516230 1,1 
2104365 4516230 1,4,5,2 
2105463 4516230 1,4,4,1 
1405326 4516302 1,2,2 
0421536 4520613 1,2,1,1 
2410536 4521603 1,2 
0214536 4523601 1,4,6,3 
0215436 4523601 1,4,5,2 
0421536 4523601 1,4,5,1 
0423516 4523601 1,4,4 
0425316 4523601 1,4,3 
0432516 4523601 1,3,2 
0435216 4523601 1,2,1 
2104536 4523601 1,4,5,1 
2105436 4523601 1,4,4,1 
2401536 4523601 1,4,4 
2403516 4523601 1,4,3 
2405316 4523601 1,4,2 
2410536 4523601 1,3,2 
2430516 4523601 1,2,1 
0214356 4526013 1,3,3,2,1 
0214365 4526013 1,2,2,1 
0215436 4526013 1,3,2,1 
0423156 4526013 1,3,2,1 
0423165 4526013 1,2,2 
0425136 4526013 1,3,1,1 
0432156 4526013 1,2,1 
0432165 4526013 1,2,1 
2104356 4526013 1,3,2 
2104365 4526013 1,2,1 
2105436 4526013 1,3,1 
2403156 4526013 1,3,1 
2403165 4526013 1,2,1 
2405136 4526013 1,3 
0214365 4526031 1,3,3,1 
0215463 4526031 1,3,2 
0423165 4526031 1,3,2 
0425163 4526031 1,3,1 
0432165 4526031 1,2,1 
2104365 4526031 1,3,2 
2105463 4526031 1,3,1 
2403165 4526031 1,3,1 
2405163 4526031 1,3 
2105436 4526103 1,2,1 
2104365 4526130 1,3,2 
2105463 4526130 1,3,1 
2413065 4526130 1,3,1 
2415063 4526130 1,3 
2431065 4526130 1,2,1 
0215436 4526301 1,3,4,2 
0425316 4526301 1,3,3 
0435216 4526301 1,2,1 
2105436 4526301 1,3,3,1 
2405316 4526301 1,3,2 
0431526 4530612 1,1,2,1 
1430526 4531602 1,1,1 
0432516 4532601 1,1,0,1 
0413256 4536012 1,2,3,3,1 
0413265 4536012 1,1,2,2 
0415326 4536012 1,2,3,1 
0432156 4536012 1,2,2,2 
0432165 4536012 1,1,2,1 
0435126 4536012 1,2,2,1 
1403256 4536012 1,2,2,1 
1403265 4536012 1,1,1,1 
1405326 4536012 1,2,2 
0432165 4536021 1,1,1,1 
1405326 4536102 1,1,2 
1403265 4536120 1,2,2,1 
1405362 4536120 1,2,2 
1432065 4536120 1,2,1,1 
1435062 4536120 1,2,1 
0435216 4536201 1,0,1,1 
0142356 4560123 1,6,12,7 
0142365 4560123 1,5,8,3 
0142536 4560123 1,6,10,4 
0142635 4560123 1,4,4 
0143256 4560123 1,6,9,4 
0143265 4560123 1,5,6,2 
0152436 4560123 1,6,7,1 
0154236 4560123 1,6,5 
0241356 4560123 1,6,10,4 
0241365 4560123 1,5,6,1 
0241536 4560123 1,6,8,2 
0241635 4560123 1,4,3 
0251436 4560123 1,6,6,1 
0421356 4560123 1,6,7,1 
0421365 4560123 1,5,4 
0421536 4560123 1,6,6,1 
0421635 4560123 1,4,2 
0431256 4560123 1,6,5 
0431265 4560123 1,5,3 
0451236 4560123 1,6,3 
1042356 4560123 1,5,8,3 
1042365 4560123 1,4,5,1 
1042536 4560123 1,5,6,1 
1042635 4560123 1,3,2 
1043256 4560123 1,5,6,2 
1043265 4560123 1,4,4,1 
1052436 4560123 1,5,4 
1054236 4560123 1,5,3 
2041356 4560123 1,4,4 
2041365 4560123 1,3,2 
2041536 4560123 1,4,3 
2041635 4560123 1,2,1 
2051436 4560123 1,4,2 
0143265 4560132 1,4,5,2 
0431265 4560132 1,4,3 
1043265 4560132 1,3,3,1 
0241536 4560213 1,4,6,2 
0241635 4560213 1,3,3 
0251436 4560213 1,4,4,1 
0421536 4560213 1,4,4,1 
0421635 4560213 1,3,2 
2041536 4560213 1,3,3 
2041635 4560213 1,2,1 
2051436 4560213 1,3,2 
0241365 4560231 1,5,9,5 
0241563 4560231 1,5,8,3 
0241653 4560231 1,4,5,1 
0243165 4560231 1,5,7,3 
0251463 4560231 1,5,6,1 
0251643 4560231 1,3,2 
0254163 4560231 1,5,4 
0421365 4560231 1,5,7,3 
0421563 4560231 1,5,6,2 
0421653 4560231 1,4,4,1 
0432165 4560231 1,5,5,1 
0452163 4560231 1,5,3 
2041365 4560231 1,4,5,1 
2041563 4560231 1,4,4 
2041653 4560231 1,3,2 
2043165 4560231 1,4,4,1 
2051463 4560231 1,4,3 
2051643 4560231 1,2,1 
2054163 4560231 1,4,2 
0143526 4560312 1,2,3,3,1 
0143625 4560312 1,2,2,1 
0154326 4560312 1,2,2,2 
0431526 4560312 1,2,3,1 
0431625 4560312 1,2,2 
0451326 4560312 1,2,2,1 
1043526 4560312 1,1,2,2 
1043625 4560312 1,1,1,1 
1054326 4560312 1,1,2,1 
1043256 4561023 1,4,5,2 
1043265 4561023 1,3,3,1 
1054236 4561023 1,4,3 
1043265 4561032 1,2,2,1 
1042536 4561203 1,5,9,5 
1042635 4561203 1,4,5,1 
1043526 4561203 1,5,7,3 
1043625 4561203 1,4,4,1 
1052436 4561203 1,5,7,3 
1054326 4561203 1,5,5,1 
1240536 4561203 1,5,8,3 
1240635 4561203 1,4,4 
1250436 4561203 1,5,6,2 
1420536 4561203 1,5,6,1 
1420635 4561203 1,4,3 
1430526 4561203 1,5,4 
1430625 4561203 1,4,2 
1450326 4561203 1,5,3 
2140536 4561203 1,4,5,1 
2140635 4561203 1,3,2 
2150436 4561203 1,4,4,1 
2410536 4561203 1,3,2 
2410635 4561203 1,2,1 
1042365 4561230 1,6,13,10,1 
1042563 4561230 1,6,12,7 
1042653 4561230 1,5,8,3 
1043265 4561230 1,6,11,7,1 
1043562 4561230 1,5,7,3 
1043652 4561230 1,4,4,1 
1052463 4561230 1,6,10,4 
1052643 4561230 1,4,4,1 
1054263 4561230 1,6,8,2 
1054362 4561230 1,5,5,1 
1240365 4561230 1,6,12,7 
1240563 4561230 1,6,11,4 
1240653 4561230 1,5,7,1 
1243065 4561230 1,5,7,3 
1250463 4561230 1,6,9,2 
1250643 4561230 1,4,3 
1254063 4561230 1,5,4 
1420365 4561230 1,6,10,4 
1420563 4561230 1,6,9,2 
1420653 4561230 1,5,6,1 
1430265 4561230 1,6,8,2 
1430562 4561230 1,5,4 
1430652 4561230 1,4,2 
1432065 4561230 1,5,5,1 
1450263 4561230 1,6,6 
1450362 4561230 1,5,3 
1452063 4561230 1,5,3 
1453062 4561230 1,2 
2140365 4561230 1,5,8,3 
2140563 4561230 1,5,7,1 
2140653 4561230 1,4,4 
2143065 4561230 1,4,4,1 
2150463 4561230 1,5,6,1 
2150643 4561230 1,3,2 
2154063 4561230 1,4,2 
2410365 4561230 1,4,4,1 
2410563 4561230 1,4,3 
2410653 4561230 1,3,2 
1043526 4561302 1,3,4,2 
1043625 4561302 1,3,3,1 
1054326 4561302 1,3,3,1 
1430526 4561302 1,3,3 
1430625 4561302 1,3,2 
1450326 4561302 1,3,2 
1043652 4561320 1,3,2 
1054632 4561320 1,3,1 
1430652 4561320 1,3,1 
1450632 4561320 1,3 
0243156 4562013 1,2,3,3,1 
0243165 4562013 1,1,2,2 
0254136 4562013 1,2,3,1 
0432156 4562013 1,2,2,2 
0432165 4562013 1,1,2,1 
0452136 4562013 1,2,2,1 
2043156 4562013 1,2,2,1 
2043165 4562013 1,1,1,1 
2054136 4562013 1,2,2 
0243165 4562031 1,3,4,2 
0254163 4562031 1,3,3 
0432165 4562031 1,3,3,1 
0452163 4562031 1,3,2 
2043165 4562031 1,3,3,1 
2054163 4562031 1,3,2 
2143065 4562130 1,3,2 
2154063 4562130 1,3,1 
2431065 4562130 1,3,1 
2451063 4562130 1,3 
0241536 4562301 1,4,7,5 
0241635 4562301 1,4,6,3 
0241653 4562301 1,4,5,1 
0243516 4562301 1,4,6,3 
0243615 4562301 1,4,5,2 
0251436 4562301 1,4,6,3 
0251643 4562301 1,4,4 
0254316 4562301 1,4,5,1 
0254613 4562301 1,4,3 
0421536 4562301 1,4,6,3 
0421635 4562301 1,4,5,2 
0421653 4562301 1,4,4,1 
0432516 4562301 1,4,5,1 
0432615 4562301 1,4,4,1 
0452316 4562301 1,4,4 
0452613 4562301 1,4,2 
0453216 4562301 1,3,2 
2041536 4562301 1,4,6,3 
2041635 4562301 1,4,5,1 
2041653 4562301 1,4,4 
2043516 4562301 1,4,5,2 
2043615 4562301 1,4,4,1 
2051436 4562301 1,4,5,2 
2051643 4562301 1,4,3 
2054316 4562301 1,4,4,1 
2054613 4562301 1,4,2 
2140536 4562301 1,4,5,1 
2140635 4562301 1,4,4 
2140653 4562301 1,4,3 
2150436 4562301 1,4,4,1 
2150643 4562301 1,4,2 
2410536 4562301 1,4,4 
2410635 4562301 1,4,3 
2410653 4562301 1,4,2 
2430516 4562301 1,4,3 
2430615 4562301 1,4,2 
2450316 4562301 1,4,2 
2450613 4562301 1,4 
2140653 4562310 1,3,3 
2150643 4562310 1,3,2 
2410653 4562310 1,3,2 
0143256 4563012 1,0,4,3,1,1 
0143265 4563012 1,0,3,1,1 
0154326 4563012 1,0,4,2 
0432156 4563012 1,0,4,2 
0432165 4563012 1,0,3,1 
0453126 4563012 1,0,4,1 
1043256 4563012 1,0,3,1,1 
1043265 4563012 1,0,2,0,1 
1054326 4563012 1,0,3,1 
0432165 4563021 1,0,2,1 
1054326 4563102 1,0,2,1 
1043265 4563120 1,1,2,2 
1054362 4563120 1,1,2,1 
1432065 4563120 1,1,2,1 
1453062 4563120 1,1,2 
0453216 4563201 1,0,0,2 
0214365 4601253 1,3,1 
0412365 4601253 1,3 
0413265 4601352 1,3,2 
0214635 4601523 1,3,1 
0216435 4601523 1,2,1 
0412635 4601523 1,3 
0214365 4602153 1,2,1 
0214365 4602351 1,4,5,2 
0421365 4602351 1,4,4,1 
0423165 4602351 1,3,2 
0214635 4602513 1,3,2 
0216435 4602513 1,2,1 
0421635 4602513 1,3,1 
0214653 4602531 1,3,2 
0421653 4602531 1,3,1 
0413265 4603152 1,2,2 
0432165 4603251 1,2,1 
0413625 4603512 1,3,3 
0416325 4603512 1,2,1 
0431625 4603512 1,3,2 
0214365 4605123 1,3,2 
0216435 4605123 1,3,1 
0413265 4605123 1,3,1 
0416235 4605123 1,3 
0413265 4605132 1,2,1 
0216435 4605213 1,2,1 
0214365 4605231 1,3,3,1 
0216453 4605231 1,3,2 
0216543 4605231 1,2,1 
0423165 4605231 1,3,2 
0426153 4605231 1,3,1 
0432165 4605231 1,2,1 
0416325 4605312 1,1,1 
1204365 4612053 1,3,2 
1403265 4612053 1,3,1 
2104365 4612053 1,2,1 
1204365 4612350 1,5,8,4 
1402365 4612350 1,5,7,3 
1403265 4612350 1,4,4,1 
1420365 4612350 1,4,4,1 
1423065 4612350 1,3,2 
1430265 4612350 1,2,1 
2104365 4612350 1,4,5,2 
1204635 4612503 1,4,4 
1206435 4612503 1,3,2 
1402635 4612503 1,4,3 
1403625 4612503 1,3,1 
1406325 4612503 1,2 
1420635 4612503 1,3,1 
1430625 4612503 1,1 
2104635 4612503 1,3,2 
2106435 4612503 1,2,1 
1204653 4612530 1,4,4 
1402653 4612530 1,4,3 
1403652 4612530 1,3,1 
1420653 4612530 1,3,1 
1430652 4612530 1,1 
2104653 4612530 1,3,2 
1403265 4613052 1,3,3,1 
1403265 4613250 1,3,2 
1432065 4613250 1,2,1 
1403625 4613502 1,4,5,1 
1406325 4613502 1,3,2 
1430625 4613502 1,3,2 
1403652 4613520 1,3,2 
1430652 4613520 1,2,1 
1204365 4615023 1,3,2 
1206435 4615023 1,3,1 
1403265 4615023 1,3,1 
1406235 4615023 1,3 
2104365 4615023 1,2,1 
2106435 4615023 1,2,1 
1403265 4615032 1,2,1 
1206435 4615203 1,3,2 
1406325 4615203 1,3,1 
2106435 4615203 1,2,1 
1204365 4615230 1,4,5,2 
1206453 4615230 1,4,4 
1206543 4615230 1,3,2 
1403265 4615230 1,4,4,1 
1406253 4615230 1,4,3 
1406352 4615230 1,3,1 
1423065 4615230 1,3,2 
1426053 4615230 1,3,1 
1432065 4615230 1,2,1 
1436052 4615230 1,1 
2104365 4615230 1,3,3,1 
2106453 4615230 1,3,2 
2106543 4615230 1,2,1 
1406325 4615302 1,2,1 
1406532 4615320 1,2 
0421365 4620153 1,1,1 
0421365 4620351 1,3,3,1 
0432165 4620351 1,2,1 
0421635 4620513 1,2,1 
0421653 4620531 1,2,1 
2410365 4621350 1,3,2 
2410635 4621503 1,2 
2410653 4621530 1,2,1 
0214365 4623051 1,4,6,4,1 
0423165 4623051 1,4,5,2 
0432165 4623051 1,3,3,1 
2104365 4623051 1,4,5,2 
2403165 4623051 1,4,4,1 
2104365 4623150 1,3,3,1 
2413065 4623150 1,3,2 
2431065 4623150 1,2,1 
0214635 4623501 1,5,9,6,1 
0214653 4623501 1,4,5,2 
0216435 4623501 1,4,5,2 
0421635 4623501 1,5,8,3 
0421653 4623501 1,4,4,1 
0423615 4623501 1,5,7,2 
0426315 4623501 1,4,3 
0432615 4623501 1,4,4,1 
0436215 4623501 1,2,1 
2104635 4623501 1,5,8,3 
2104653 4623501 1,4,4,1 
2106435 4623501 1,4,4,1 
2401635 4623501 1,5,7,1 
2401653 4623501 1,4,3 
2403615 4623501 1,5,6,1 
2406315 4623501 1,4,2 
2410635 4623501 1,4,4 
2410653 4623501 1,3,2 
2430615 4623501 1,3,2 
2104653 4623510 1,3,3,1 
2410653 4623510 1,3,2 
0214365 4625013 1,3,3,1 
0216435 4625013 1,3,2 
0423165 4625013 1,3,2 
0426135 4625013 1,3,1 
0432165 4625013 1,2,1 
2104365 4625013 1,3,2 
2106435 4625013 1,3,1 
2403165 4625013 1,3,1 
2406135 4625013 1,3 
0214365 4625031 1,3,3,1 
0216453 4625031 1,3,2 
0216543 4625031 1,2,1 
0423165 4625031 1,3,2 
0426153 4625031 1,3,1 
0432165 4625031 1,2,1 
2104365 4625031 1,3,2 
2106453 4625031 1,3,1 
2106543 4625031 1,2,1 
2403165 4625031 1,3,1 
2406153 4625031 1,3 
2106435 4625103 1,2,1 
2104365 4625130 1,3,3,1 
2106453 4625130 1,3,2 
2106543 4625130 1,2,1 
2413065 4625130 1,3,2 
2416053 4625130 1,3,1 
2431065 4625130 1,2,1 
0216435 4625301 1,3,3,1 
0216543 4625301 1,3,2 
0426315 4625301 1,3,2 
0426513 4625301 1,3,1 
0436215 4625301 1,2,1 
2106435 4625301 1,3,2 
2106543 4625301 1,3,1 
2406315 4625301 1,3,1 
2406513 4625301 1,3 
2106543 4625310 1,2,1 
0431265 4630152 1,1,2 
0432165 4630251 1,1,1,1 
0431625 4630512 1,2,2 
1430265 4631250 1,2,2,1 
1432065 4631250 1,1,1,1 
1430625 4631502 1,2,1 
1430652 4631520 1,2,2 
0432165 4632051 1,1,0,1 
0432615 4632501 1,2,0,1 
0413265 4635012 1,3,4,2 
0416325 4635012 1,3,3 
0432165 4635012 1,3,3,1 
0436125 4635012 1,3,2 
1403265 4635012 1,3,3,1 
1406325 4635012 1,3,2 
0432165 4635021 1,2,2,1 
1406325 4635102 1,2,2 
1403265 4635120 1,3,4,2 
1406352 4635120 1,3,3 
1406532 4635120 1,2,1 
1432065 4635120 1,3,3,1 
1436052 4635120 1,3,2 
0436215 4635201 1,1,1,1 
0421365 4650123 1,3,3 
0421635 4650123 1,3,2 
0431265 4650123 1,3,2 
0431265 4650132 1,2,2 
0421635 4650213 1,2,2 
0421365 4650231 1,3,4,2 
0421653 4650231 1,3,3,1 
0432165 4650231 1,3,3,1 
0431625 4650312 1,1,2 
1420635 4651203 1,3,3 
1430625 4651203 1,3,2 
2410635 4651203 1,2,1 
1420365 4651230 1,4,6,3 
1420653 4651230 1,4,5,1 
1430265 4651230 1,4,5,2 
1430652 4651230 1,3,2 
1432065 4651230 1,3,3,1 
2410365 4651230 1,3,3,1 
2410653 4651230 1,3,2 
1430625 4651302 1,2,2 
1430652 4651320 1,2,1 
0432165 4652013 1,1,1,1 
0432165 4652031 1,2,2,1 
2431065 4652130 1,2,1 
0421635 4652301 1,3,4,2 
0421653 4652301 1,3,3,1 
0432615 4652301 1,3,3,1 
2410635 4652301 1,3,3 
2410653 4652301 1,3,2 
2430615 4652301 1,3,2 
2410653 4652310 1,2,2 
0432165 4653012 1,0,2,1 
0432165 4653021 1,0,1,1 
1432065 4653120 1,1,1,1 
1032546 5120634 1,2,1 
1023546 5123604 1,3,3,1 
1025436 5123604 1,2,1 
1032546 5123604 1,2,1 
1035426 5123604 1,1 
1052436 5123604 1,1 
1025436 5124603 1,3,3,1 
1052436 5124603 1,2,1 
1025346 5126034 1,3,2 
1035246 5126034 1,2,1 
1053246 5126034 1,1 
1025436 5126304 1,3,3,1 
1035426 5126304 1,2,1 
1025364 5126340 1,4,5,2 
1025463 5126340 1,3,3,1 
1035264 5126340 1,3,2 
1035462 5126340 1,2,1 
1053264 5126340 1,2,1 
1054263 5126340 1,1 
1025436 5126403 1,2,2,1 
1054326 5126403 1,1 
1032546 5130624 1,2,1 
1032546 5132604 1,2,1 
1053426 5132604 1,1 
1032546 5134602 1,4,5,2 
1035426 5134602 1,4,4,1 
1053426 5134602 1,3,2 
1035246 5136024 1,3,2 
1053246 5136024 1,2,1 
1035264 5136042 1,3,2 
1053264 5136042 1,2,1 
1035426 5136204 1,2,1 
1054326 5136204 1,1 
1035264 5136240 1,3,2 
1035462 5136240 1,2,1 
1053264 5136240 1,2,1 
1054362 5136240 1,1 
1035426 5136402 1,3,3,1 
1054326 5136402 1,2,1 
1052436 5140623 1,2,1 
1052436 5142603 1,2,1 
1054326 5142603 1,1 
1054326 5143602 1,2,1 
1025436 5146023 1,3,3,1 
1054236 5146023 1,3,2 
1025436 5146203 1,2,2,1 
1054326 5146203 1,2,1 
1025463 5146230 1,3,3,1 
1054263 5146230 1,3,2 
1054362 5146230 1,2,1 
1054326 5146302 1,1,1,1 
1032546 5160234 1,3,1 
1052346 5160234 1,3 
1032546 5160324 1,2,1 
1032564 5160342 1,3,2 
1032654 5160342 1,2,1 
1053264 5160342 1,3,1 
1052436 5160423 1,1,1 
1053246 5162034 1,3,2 
1032546 5162304 1,4,5,2 
1052436 5162304 1,4,4,1 
1053426 5162304 1,3,2 
1032564 5162340 1,5,8,4 
1032654 5162340 1,4,5,2 
1052364 5162340 1,5,7,3 
1052463 5162340 1,4,4,1 
1053264 5162340 1,4,4,1 
1053462 5162340 1,3,2 
1054263 5162340 1,2,1 
1052436 5162403 1,3,3,1 
1054326 5162403 1,2,1 
1052643 5162430 1,3,2 
1053246 5163024 1,2,2 
1053264 5163042 1,3,3,1 
1054326 5163204 1,2,1 
1053264 5163240 1,3,2 
1054362 5163240 1,2,1 
1032546 5163402 1,4,6,4,1 
1032654 5163402 1,4,5,2 
1053426 5163402 1,4,5,2 
1053624 5163402 1,4,4,1 
1054326 5163402 1,3,3,1 
1032654 5163420 1,3,3,1 
1053642 5163420 1,3,2 
1054632 5163420 1,2,1 
1054236 5164023 1,1,2 
1054326 5164203 1,1,1,1 
1054263 5164230 1,2,2,1 
1054362 5164230 1,1,1,1 
1054326 5164302 1,1,0,1 
2103546 5213604 1,2,1 
2105436 5213604 1,1 
2105436 5214603 1,2,1 
2105346 5216034 1,2 
2105436 5216304 1,2,1 
2105364 5216340 1,3,2 
2105463 5216340 1,2,1 
2105436 5216403 1,1,1 
2031546 5230614 1,3,2 
2051436 5230614 1,2 
3021546 5230614 1,2,1 
2130546 5231604 1,2,1 
2150436 5231604 1,1 
2013546 5234601 1,5,8,4 
2015436 5234601 1,5,7,2 
2031546 5234601 1,5,7,3 
2035416 5234601 1,5,5,1 
2051436 5234601 1,4,3 
2053416 5234601 1,4,2 
2103546 5234601 1,4,5,2 
2105436 5234601 1,4,4,1 
2130546 5234601 1,3,3,1 
2150436 5234601 1,2,1 
3021546 5234601 1,4,4,1 
3025416 5234601 1,4,2 
3052416 5234601 1,2 
2015346 5236014 1,4,4 
2015436 5236014 1,3,2 
2035146 5236014 1,4,3 
2053146 5236014 1,3,1 
2054136 5236014 1,2 
2105346 5236014 1,3,2 
2105436 5236014 1,2,1 
3025146 5236014 1,3,1 
3052146 5236014 1,1 
2015364 5236041 1,4,4 
2015463 5236041 1,3,2 
2035164 5236041 1,4,3 
2053164 5236041 1,3,1 
2054163 5236041 1,2 
2105364 5236041 1,3,2 
2105463 5236041 1,2,1 
3025164 5236041 1,3,1 
3052164 5236041 1,1 
2105436 5236104 1,2,1 
2105364 5236140 1,3,2 
2105463 5236140 1,2,1 
2135064 5236140 1,3,2 
2153064 5236140 1,2,1 
2154063 5236140 1,1 
2015436 5236401 1,4,5,2 
2035416 5236401 1,4,4,1 
2054316 5236401 1,3,1 
2105436 5236401 1,3,3,1 
3025416 5236401 1,3,2 
3054216 5236401 1,1 
2051436 5240613 1,3,2 
2150436 5241603 1,2,1 
2051436 5243601 1,3,2 
2054316 5243601 1,3,1 
2150436 5243601 1,2,1 
2015436 5246013 1,4,5,2 
2054136 5246013 1,4,3 
2105436 5246013 1,3,3,1 
2015463 5246031 1,3,2 
2054163 5246031 1,3,1 
2105463 5246031 1,2,1 
2105436 5246103 1,2,2,1 
2105463 5246130 1,3,3,1 
2154063 5246130 1,3,2 
2015436 5246301 1,2,1,2 
2054316 5246301 1,2,1,1 
2105436 5246301 1,1,1,1 
2031546 5260134 1,3,1 
2051346 5260134 1,3 
3021546 5260134 1,2,1 
2031546 5260314 1,3,2 
2051436 5260314 1,3,1 
3021546 5260314 1,2,1 
2031564 5260341 1,4,4 
2031654 5260341 1,3,2 
2051364 5260341 1,4,3 
2051463 5260341 1,3,1 
2053164 5260341 1,3,1 
2054163 5260341 1,1 
3021564 5260341 1,3,2 
3021654 5260341 1,2,1 
3052164 5260341 1,2 
2051436 5260413 1,2,1 
2051643 5260431 1,2 
2130546 5261304 1,3,2 
2150436 5261304 1,3,1 
2130564 5261340 1,4,4 
2130654 5261340 1,3,2 
2150364 5261340 1,4,3 
2150463 5261340 1,3,1 
2153064 5261340 1,3,1 
2154063 5261340 1,1 
2150436 5261403 1,2,1 
2150643 5261430 1,2,1 
2053146 5263014 1,3,3 
2054136 5263014 1,3,2 
3052146 5263014 1,2,1 
2053164 5263041 1,4,5,1 
2054163 5263041 1,3,2 
3052164 5263041 1,3,2 
2153064 5263140 1,3,2 
2154063 5263140 1,2,1 
2031546 5263401 1,5,9,6,1 
2031654 5263401 1,5,8,3 
2051436 5263401 1,5,8,3 
2051634 5263401 1,5,7,1 
2051643 5263401 1,4,4 
2053416 5263401 1,5,7,2 
2053614 5263401 1,5,6,1 
2054316 5263401 1,4,4,1 
2054613 5263401 1,3,2 
2130546 5263401 1,4,5,2 
2130654 5263401 1,4,4,1 
2150436 5263401 1,4,4,1 
2150634 5263401 1,4,3 
2150643 5263401 1,3,2 
3021546 5263401 1,4,5,2 
3021654 5263401 1,4,4,1 
3052416 5263401 1,4,3 
3052614 5263401 1,4,2 
3054216 5263401 1,2,1 
2130654 5263410 1,3,3,1 
2150643 5263410 1,3,2 
2054136 5264013 1,2,2 
2054163 5264031 1,2,1 
2154063 5264130 1,2,2 
2054316 5264301 1,2,0,1 
3102546 5312604 1,2,1 
3105426 5312604 1,1 
3102546 5314602 1,3,2 
3105426 5314602 1,3,1 
3105246 5316024 1,2 
3105264 5316042 1,2 
3105426 5316204 1,2,1 
3105264 5316240 1,3,2 
3105462 5316240 1,2,1 
3105426 5316402 1,2,1 
3210546 5321604 1,1 
3201546 5324601 1,3,2 
3205416 5324601 1,3,1 
3210546 5324601 1,2,1 
3205146 5326014 1,2 
3205164 5326041 1,2 
3215064 5326140 1,2 
3205416 5326401 1,2,1 
1032546 5340612 1,4,5,2 
1053426 5340612 1,4,3 
1054326 5340612 1,2,1 
3021546 5340612 1,4,4,1 
3051426 5340612 1,4,2 
1032546 5341602 1,3,3,1 
1053426 5341602 1,3,2 
1054326 5341602 1,2,1 
3120546 5341602 1,3,2 
3150426 5341602 1,3,1 
3210546 5341602 1,2,1 
3021546 5342601 1,2,2,1 
3052416 5342601 1,2,2 
3054216 5342601 1,2,1 
3210546 5342601 1,2,1 
3250416 5342601 1,2,1 
1035246 5346012 1,5,9,5 
1035264 5346012 1,4,5,1 
1035426 5346012 1,5,7,3 
1053246 5346012 1,5,7,3 
1053264 5346012 1,4,4,1 
1054326 5346012 1,5,5,1 
3015246 5346012 1,5,8,3 
3015264 5346012 1,4,4 
3015426 5346012 1,5,6,2 
3025146 5346012 1,5,6,1 
3025164 5346012 1,4,3 
3052146 5346012 1,5,4 
3052164 5346012 1,4,2 
3054126 5346012 1,5,3 
3105246 5346012 1,4,5,1 
3105264 5346012 1,3,2 
3105426 5346012 1,4,4,1 
3205146 5346012 1,3,2 
3205164 5346012 1,2,1 
3025164 5346021 1,3,3 
3052164 5346021 1,3,2 
3205164 5346021 1,2,1 
1035426 5346102 1,3,4,2 
1054326 5346102 1,3,3,1 
3105426 5346102 1,3,3,1 
1035264 5346120 1,4,6,3 
1035462 5346120 1,4,5,2 
1053264 5346120 1,4,5,2 
1054362 5346120 1,4,4,1 
3105264 5346120 1,4,5,1 
3105462 5346120 1,4,4,1 
3125064 5346120 1,4,4 
3152064 5346120 1,4,3 
3154062 5346120 1,4,2 
3215064 5346120 1,3,2 
3251064 5346120 1,2,1 
3025416 5346201 1,1,2,2 
3054216 5346201 1,1,2,1 
3205416 5346201 1,1,1,1 
1032546 5360124 1,3,2 
1053246 5360124 1,3,1 
3021546 5360124 1,3,1 
3051246 5360124 1,3 
1032564 5360142 1,3,2 
1032654 5360142 1,2,1 
1053264 5360142 1,3,1 
3021564 5360142 1,3,1 
3021654 5360142 1,2,1 
3051264 5360142 1,3 
3021546 5360214 1,2,1 
3021564 5360241 1,3,2 
3021654 5360241 1,2,1 
3052164 5360241 1,3,1 
1032546 5360412 1,3,3,1 
1032654 5360412 1,3,2 
1053426 5360412 1,3,2 
1053624 5360412 1,3,1 
1054326 5360412 1,2,1 
3021546 5360412 1,3,2 
3021654 5360412 1,3,1 
3051426 5360412 1,3,1 
3051624 5360412 1,3 
3021654 5360421 1,2,1 
1053246 5361024 1,2,1 
1053264 5361042 1,2,1 
1032546 5361204 1,3,3,1 
1053426 5361204 1,3,2 
1054326 5361204 1,2,1 
3120546 5361204 1,3,2 
3150426 5361204 1,3,1 
3210546 5361204 1,2,1 
1032564 5361240 1,4,5,2 
1032654 5361240 1,3,3,1 
1053264 5361240 1,4,4,1 
1053462 5361240 1,3,2 
1054362 5361240 1,2,1 
3120564 5361240 1,4,4 
3120654 5361240 1,3,2 
3150264 5361240 1,4,3 
3150462 5361240 1,3,1 
3152064 5361240 1,3,1 
3154062 5361240 1,1 
3210564 5361240 1,3,2 
3210654 5361240 1,2,1 
1032546 5361402 1,3,3,1 
1032654 5361402 1,3,2 
1053426 5361402 1,3,2 
1053624 5361402 1,3,1 
1054326 5361402 1,2,1 
3120546 5361402 1,3,2 
3120654 5361402 1,3,1 
3150426 5361402 1,3,1 
3150624 5361402 1,3 
3210546 5361402 1,2,1 
3210654 5361402 1,2,1 
1032654 5361420 1,3,3,1 
1053642 5361420 1,3,2 
1054632 5361420 1,2,1 
3120654 5361420 1,3,2 
3150642 5361420 1,3,1 
3210654 5361420 1,2,1 
3052146 5362014 1,1,1 
3052164 5362041 1,2,1 
3251064 5362140 1,2 
3021546 5362401 1,3,3,1 
3021654 5362401 1,3,2 
3052416 5362401 1,3,2 
3052614 5362401 1,3,1 
3054216 5362401 1,2,1 
3210546 5362401 1,3,2 
3210654 5362401 1,3,1 
3250416 5362401 1,3,1 
3250614 5362401 1,3 
3210654 5362410 1,2,1 
1053246 5364012 1,3,4,2 
1053264 5364012 1,3,3,1 
1054326 5364012 1,3,3,1 
3052146 5364012 1,3,3 
3052164 5364012 1,3,2 
3054126 5364012 1,3,2 
3052164 5364021 1,2,2 
1054326 5364102 1,2,2,1 
1053264 5364120 1,3,4,2 
1054362 5364120 1,3,3,1 
3152064 5364120 1,3,3 
3154062 5364120 1,3,2 
3251064 5364120 1,2,1 
3054216 5364201 1,1,1,1 
2105436 5412603 1,2,1 
2105436 5416023 1,2,1 
2105436 5416203 1,2,2,1 
2105463 5416230 1,3,3,1 
2105436 5423601 1,3,3,1 
2105436 5426013 1,2,1 
2105463 5426031 1,2,1 
2105436 5426103 1,1,1 
2105463 5426130 1,2,1 
2105436 5426301 1,2,2,1 
1052436 5460123 1,3,3 
1054236 5460123 1,3,2 
2051436 5460123 1,3,2 
2051436 5460213 1,2,2 
2051463 5460231 1,3,3 
2051643 5460231 1,2,1 
2054163 5460231 1,3,2 
1054326 5460312 1,1,1,1 
1054236 5461023 1,2,2 
1052436 5461203 1,3,4,2 
1054326 5461203 1,3,3,1 
2150436 5461203 1,3,3,1 
1052463 5461230 1,4,6,3 
1052643 5461230 1,3,3,1 
1054263 5461230 1,4,5,2 
1054362 5461230 1,3,3,1 
2150463 5461230 1,4,5,1 
2150643 5461230 1,3,2 
2154063 5461230 1,3,2 
1054326 5461302 1,2,2,1 
1054632 5461320 1,2,1 
2054136 5462013 1,1,2 
2054163 5462031 1,2,2 
2154063 5462130 1,2,1 
2051436 5462301 1,3,4,2 
2051643 5462301 1,3,3 
2054316 5462301 1,3,3,1 
2054613 5462301 1,3,2 
2150436 5462301 1,3,3,1 
2150643 5462301 1,3,2 
2150643 5462310 1,2,2 
1054326 5463012 1,0,2,1 
1054326 5463102 1,0,1,1 
1054362 5463120 1,1,1,1 
0213546 5601234 1,4,3 
0215346 5601234 1,4,2 
0312546 5601234 1,4,2 
0512346 5601234 1,4 
0312546 5601324 1,3,2 
0312564 5601342 1,4,4 
0312654 5601342 1,3,2 
0315264 5601342 1,4,3 
0316254 5601342 1,2,1 
0513264 5601342 1,4,2 
0215436 5601423 1,2,1,1 
0512436 5601423 1,2,1 
0215346 5602134 1,3,2 
0213546 5602314 1,4,5,2 
0215436 5602314 1,4,4,1 
0321546 5602314 1,4,4,1 
0521436 5602314 1,4,2 
0213564 5602341 1,5,8,4 
0213654 5602341 1,4,5,2 
0215364 5602341 1,5,7,3 
0215463 5602341 1,4,4,1 
0216354 5602341 1,3,3,1 
0321564 5602341 1,5,7,2 
0321654 5602341 1,4,4,1 
0325164 5602341 1,4,3 
0326154 5602341 1,2,1 
0521364 5602341 1,5,5,1 
0521463 5602341 1,4,2 
0523164 5602341 1,4,2 
0524163 5602341 1,2 
0215436 5602413 1,3,3,1 
0521436 5602413 1,3,2 
0215643 5602431 1,3,2 
0216543 5602431 1,2,1 
0521643 5602431 1,3,1 
0315246 5603124 1,2,2 
0513246 5603124 1,2,1 
0315264 5603142 1,3,3 
0316254 5603142 1,2,1 
0513264 5603142 1,3,2 
0325164 5603241 1,3,2 
0326154 5603241 1,2,1 
0532164 5603241 1,3,1 
0312546 5603412 1,4,6,3 
0312654 5603412 1,4,5,1 
0315426 5603412 1,4,5,1 
0315624 5603412 1,4,4 
0316524 5603412 1,3,2 
0321546 5603412 1,4,5,2 
0321654 5603412 1,4,4,1 
0513426 5603412 1,4,4 
0513624 5603412 1,4,3 
0514326 5603412 1,3,2 
0516324 5603412 1,2,1 
0531426 5603412 1,4,3 
0531624 5603412 1,4,2 
0541326 5603412 1,2,1 
0321654 5603421 1,3,3,1 
0215436 5604123 1,1,2,1 
0514236 5604123 1,1,2 
0215436 5604213 1,1,1,1 
0215463 5604231 1,2,2,1 
0216543 5604231 1,2,1 
0524163 5604231 1,2,2 
0526143 5604231 1,2,1 
0542163 5604231 1,2,1 
0514326 5604312 1,1,0,1 
1205346 5612034 1,4,4 
1305246 5612034 1,4,3 
1503246 5612034 1,4,2 
2105346 5612034 1,3,2 
3105246 5612034 1,2,1 
1203546 5612304 1,5,8,4 
1205436 5612304 1,5,7,2 
1302546 5612304 1,5,7,3 
1305426 5612304 1,4,3 
1320546 5612304 1,4,4,1 
1502436 5612304 1,5,5,1 
1503426 5612304 1,4,2 
1520436 5612304 1,4,2 
1530426 5612304 1,2 
2103546 5612304 1,4,5,2 
2105436 5612304 1,4,4,1 
3102546 5612304 1,3,3,1 
3105426 5612304 1,2,1 
1203564 5612340 1,6,12,8 
1203654 5612340 1,5,8,4 
1205364 5612340 1,6,11,6 
1205463 5612340 1,5,7,2 
1206354 5612340 1,4,5,2 
1302564 5612340 1,6,11,6 
1302654 5612340 1,5,7,3 
1305264 5612340 1,5,6,1 
1305462 5612340 1,4,3 
1306254 5612340 1,3,2 
1320564 5612340 1,5,7,2 
1320654 5612340 1,4,4,1 
1325064 5612340 1,4,3 
1326054 5612340 1,2,1 
1502364 5612340 1,6,9,4 
1502463 5612340 1,5,5,1 
1503264 5612340 1,5,5,1 
1503462 5612340 1,4,2 
1504263 5612340 1,3,1 
1520364 5612340 1,5,5,1 
1520463 5612340 1,4,2 
1523064 5612340 1,4,2 
1524063 5612340 1,2 
1530264 5612340 1,3,1 
1530462 5612340 1,2 
1540263 5612340 1,1 
2103564 5612340 1,5,8,4 
2103654 5612340 1,4,5,2 
2105364 5612340 1,5,7,3 
2105463 5612340 1,4,4,1 
2106354 5612340 1,3,3,1 
3102564 5612340 1,4,5,2 
3102654 5612340 1,3,3,1 
3105264 5612340 1,3,2 
3105462 5612340 1,2,1 
3106254 5612340 1,2,1 
1205436 5612403 1,4,5,2 
1502436 5612403 1,4,4,1 
1504326 5612403 1,3,1 
1520436 5612403 1,3,2 
1540326 5612403 1,1 
2105436 5612403 1,3,3,1 
1205643 5612430 1,4,4 
1206543 5612430 1,3,2 
1502643 5612430 1,4,3 
1520643 5612430 1,3,1 
2105643 5612430 1,3,2 
2106543 5612430 1,2,1 
1305246 5613024 1,3,3 
1503246 5613024 1,3,2 
3105246 5613024 1,2,1 
1305264 5613042 1,4,5,1 
1306254 5613042 1,3,2 
1503264 5613042 1,4,4,1 
3105264 5613042 1,3,2 
3106254 5613042 1,2,1 
1305426 5613204 1,3,2 
1504326 5613204 1,3,1 
3105426 5613204 1,2,1 
1305264 5613240 1,4,4 
1305462 5613240 1,3,2 
1306254 5613240 1,3,2 
1325064 5613240 1,3,2 
1326054 5613240 1,2,1 
1503264 5613240 1,4,3 
1504362 5613240 1,3,1 
1532064 5613240 1,3,1 
1534062 5613240 1,2 
3105264 5613240 1,3,2 
3105462 5613240 1,2,1 
3106254 5613240 1,2,1 
1302546 5613402 1,5,9,6,1 
1302654 5613402 1,5,8,3 
1305426 5613402 1,5,8,3 
1305624 5613402 1,5,7,1 
1306524 5613402 1,4,4 
1320546 5613402 1,4,5,2 
1320654 5613402 1,4,4,1 
1503426 5613402 1,5,7,2 
1503624 5613402 1,5,6,1 
1504326 5613402 1,4,4,1 
1506324 5613402 1,3,2 
1530426 5613402 1,4,3 
1530624 5613402 1,4,2 
1540326 5613402 1,2,1 
3102546 5613402 1,4,5,2 
3102654 5613402 1,4,4,1 
3105426 5613402 1,4,4,1 
3105624 5613402 1,4,3 
3106524 5613402 1,3,2 
1302654 5613420 1,4,5,2 
1305642 5613420 1,4,4 
1306542 5613420 1,3,2 
1320654 5613420 1,3,3,1 
1503642 5613420 1,4,3 
1504632 5613420 1,3,1 
1530642 5613420 1,3,1 
1540632 5613420 1,1 
3102654 5613420 1,3,3,1 
3105642 5613420 1,3,2 
3106542 5613420 1,2,1 
1205436 5614023 1,2,2,1 
1504236 5614023 1,2,2 
2105436 5614023 1,1,1,1 
1205436 5614203 1,2,1,2 
1504326 5614203 1,2,1,1 
2105436 5614203 1,1,1,1 
1205463 5614230 1,3,3,2 
1206543 5614230 1,3,2 
1504263 5614230 1,3,3,1 
1504362 5614230 1,2,1,1 
1506243 5614230 1,3,2 
1524063 5614230 1,2,2 
1526043 5614230 1,2,1 
1542063 5614230 1,2,1 
1543062 5614230 1,1 
2105463 5614230 1,2,2,1 
2106543 5614230 1,2,1 
1504326 5614302 1,2,0,1 
1506432 5614320 1,2 
0321546 5620134 1,2,1,1 
0521346 5620134 1,2,1 
0321546 5620314 1,3,3,1 
0521436 5620314 1,3,2 
0321564 5620341 1,4,5,2 
0321654 5620341 1,3,3,1 
0521364 5620341 1,4,4,1 
0521463 5620341 1,3,2 
0532164 5620341 1,3,1 
0542163 5620341 1,1 
0521436 5620413 1,2,2 
0521643 5620431 1,2,1 
2310546 5621304 1,3,2 
2510436 5621304 1,3,1 
3210546 5621304 1,2,1 
2310564 5621340 1,4,4 
2310654 5621340 1,3,2 
2510364 5621340 1,4,3 
2510463 5621340 1,3,1 
3210564 5621340 1,3,2 
3210654 5621340 1,2,1 
2510436 5621403 1,2,1 
2510643 5621430 1,2,2 
0215346 5623014 1,4,6,3 
0215436 5623014 1,4,5,2 
0325146 5623014 1,4,5,1 
0523146 5623014 1,4,4 
0524136 5623014 1,4,3 
0532146 5623014 1,3,2 
0542136 5623014 1,2,1 
2105346 5623014 1,4,5,1 
2105436 5623014 1,4,4,1 
2305146 5623014 1,4,4 
2503146 5623014 1,4,3 
2504136 5623014 1,4,2 
3205146 5623014 1,3,2 
3502146 5623014 1,2,1 
0215364 5623041 1,5,9,6,1 
0215463 5623041 1,4,5,2 
0216354 5623041 1,4,5,2 
0325164 5623041 1,5,8,3 
0326154 5623041 1,4,4,1 
0523164 5623041 1,5,7,2 
0524163 5623041 1,4,3 
0532164 5623041 1,4,4,1 
0542163 5623041 1,2,1 
2105364 5623041 1,5,8,3 
2105463 5623041 1,4,4,1 
2106354 5623041 1,4,4,1 
2305164 5623041 1,5,7,1 
2306154 5623041 1,4,3 
2503164 5623041 1,5,6,1 
2504163 5623041 1,4,2 
3205164 5623041 1,4,4 
3206154 5623041 1,3,2 
3502164 5623041 1,3,2 
2105436 5623104 1,3,3,1 
2105364 5623140 1,4,5,2 
2105463 5623140 1,3,3,1 
2106354 5623140 1,3,3,1 
2315064 5623140 1,4,4 
2316054 5623140 1,3,2 
2513064 5623140 1,4,3 
2514063 5623140 1,3,1 
2531064 5623140 1,3,1 
2541063 5623140 1,1 
3215064 5623140 1,3,2 
3216054 5623140 1,2,1 
0213546 5623401 1,6,14,15,7,1 
0213654 5623401 1,6,13,11,3 
0215436 5623401 1,6,13,11,3 
0215634 5623401 1,6,12,8,1 
0215643 5623401 1,5,8,4 
0216534 5623401 1,5,8,4 
0216543 5623401 1,4,5,2 
0321546 5623401 1,6,13,11,3 
0321654 5623401 1,6,12,7,1 
0325416 5623401 1,6,11,5 
0325614 5623401 1,6,10,3 
0326514 5623401 1,5,6,1 
0521436 5623401 1,6,11,5 
0521634 5623401 1,6,10,3 
0521643 5623401 1,5,6,1 
0523416 5623401 1,6,10,3 
0523614 5623401 1,6,9,2 
0524316 5623401 1,5,6,1 
0524613 5623401 1,4,3 
0526314 5623401 1,4,3 
0532416 5623401 1,5,6,1 
0532614 5623401 1,5,5,1 
0534216 5623401 1,3,2 
0536214 5623401 1,2,1 
0542316 5623401 1,3,2 
0542613 5623401 1,2,1 
2103546 5623401 1,6,13,11,3 
2103654 5623401 1,6,12,7,1 
2105436 5623401 1,6,12,7,1 
2105634 5623401 1,6,11,4 
2105643 5623401 1,5,7,2 
2106534 5623401 1,5,7,2 
2106543 5623401 1,4,4,1 
2301546 5623401 1,6,12,8,1 
2301654 5623401 1,6,11,4 
2305416 5623401 1,6,10,3 
2305614 5623401 1,6,9,1 
2306514 5623401 1,5,5 
2310546 5623401 1,5,8,4 
2310654 5623401 1,5,7,2 
2501436 5623401 1,6,10,3 
2501634 5623401 1,6,9,1 
2501643 5623401 1,5,5 
2503416 5623401 1,6,9,2 
2503614 5623401 1,6,8,1 
2504316 5623401 1,5,5,1 
2504613 5623401 1,4,2 
2506314 5623401 1,4,2 
2510436 5623401 1,5,6,1 
2510634 5623401 1,5,5 
2510643 5623401 1,4,3 
2530416 5623401 1,4,3 
2530614 5623401 1,4,2 
2540316 5623401 1,2,1 
2540613 5623401 1,1 
3201546 5623401 1,5,8,4 
3201654 5623401 1,5,7,2 
3205416 5623401 1,5,6,1 
3205614 5623401 1,5,5 
3206514 5623401 1,4,3 
3210546 5623401 1,4,5,2 
3210654 5623401 1,4,4,1 
3502416 5623401 1,4,3 
3502614 5623401 1,4,2 
3504216 5623401 1,2,1 
3506214 5623401 1,1 
2103654 5623410 1,4,6,4,1 
2105643 5623410 1,4,5,2 
2106543 5623410 1,3,3,1 
2310654 5623410 1,4,5,2 
2510643 5623410 1,4,3 
3210654 5623410 1,3,3,1 
0215436 5624013 1,3,4,2 
0524136 5624013 1,3,3 
0542136 5624013 1,2,1 
2105436 5624013 1,3,3,1 
2504136 5624013 1,3,2 
0215463 5624031 1,3,3,1 
0216543 5624031 1,3,2 
0524163 5624031 1,3,2 
0526143 5624031 1,3,1 
0542163 5624031 1,2,1 
2105463 5624031 1,3,2 
2106543 5624031 1,3,1 
2504163 5624031 1,3,1 
2506143 5624031 1,3 
2105436 5624103 1,2,2,1 
2105463 5624130 1,3,4,2 
2106543 5624130 1,3,3,1 
2514063 5624130 1,3,3 
2516043 5624130 1,3,2 
2541063 5624130 1,2,1 
0215436 5624301 1,3,2,1,1 
0216543 5624301 1,3,2 
0524316 5624301 1,3,1,1 
0526413 5624301 1,3,1 
0543216 5624301 1,2,1 
0546213 5624301 1,2,1 
2105436 5624301 1,3,1,1 
2106543 5624301 1,3,1 
2504316 5624301 1,3,0,1 
2506413 5624301 1,3 
2106543 5624310 1,2,1 
0321546 5630124 1,1,2,1 
0531246 5630124 1,1,2 
0321564 5630142 1,2,2,1 
0321654 5630142 1,1,1,1 
0531264 5630142 1,2,2 
0321546 5630214 1,1,1,1 
0321564 5630241 1,2,1,2 
0321654 5630241 1,1,1,1 
0532164 5630241 1,2,1,1 
0321546 5630412 1,3,4,2 
0321654 5630412 1,3,3,1 
0531426 5630412 1,3,3 
0531624 5630412 1,3,2 
0541326 5630412 1,2,1 
0321654 5630421 1,2,2,1 
1320546 5631204 1,2,2,1 
1530426 5631204 1,2,2 
1540326 5631204 1,2,1 
3210546 5631204 1,2,1 
3510426 5631204 1,2,1 
1320564 5631240 1,3,3,2 
1320654 5631240 1,2,2,1 
1530264 5631240 1,3,3,1 
1530462 5631240 1,2,2 
1532064 5631240 1,2,1,1 
1540362 5631240 1,2,1 
1543062 5631240 1,1 
3210564 5631240 1,3,2 
3210654 5631240 1,2,1 
3510264 5631240 1,3,2 
3510462 5631240 1,2,1 
1320546 5631402 1,3,3,1 
1320654 5631402 1,3,2 
1530426 5631402 1,3,2 
1530624 5631402 1,3,1 
1540326 5631402 1,2,1 
3210546 5631402 1,3,2 
3210654 5631402 1,3,1 
3510426 5631402 1,3,1 
3510624 5631402 1,3 
1320654 5631420 1,3,4,2 
1530642 5631420 1,3,3 
1540632 5631420 1,2,1 
3210654 5631420 1,3,3,1 
3510642 5631420 1,3,2 
0532146 5632014 1,1,0,1 
0532164 5632041 1,2,0,1 
3521064 5632140 1,2 
0321546 5632401 1,3,2,1,1 
0321654 5632401 1,3,1,1 
0532416 5632401 1,3,1,1 
0532614 5632401 1,3,0,1 
0543216 5632401 1,2,1 
3210546 5632401 1,3,2 
3210654 5632401 1,3,1 
3520416 5632401 1,3,1 
3520614 5632401 1,3 
3540216 5632401 1,2,1 
3210654 5632410 1,2,1 
0315246 5634012 1,4,7,5 
0315264 5634012 1,4,6,3 
0315426 5634012 1,4,6,3 
0316254 5634012 1,4,5,1 
0316524 5634012 1,4,4 
0325146 5634012 1,4,6,3 
0325164 5634012 1,4,5,2 
0326154 5634012 1,4,4,1 
0513246 5634012 1,4,6,3 
0513264 5634012 1,4,5,2 
0514326 5634012 1,4,5,1 
0516324 5634012 1,4,3 
0532146 5634012 1,4,5,1 
0532164 5634012 1,4,4,1 
0534126 5634012 1,4,4 
0536124 5634012 1,4,2 
0543126 5634012 1,3,2 
1305246 5634012 1,4,6,3 
1305264 5634012 1,4,5,1 
1305426 5634012 1,4,5,2 
1306254 5634012 1,4,4 
1306524 5634012 1,4,3 
1503246 5634012 1,4,5,2 
1503264 5634012 1,4,4,1 
1504326 5634012 1,4,4,1 
1506324 5634012 1,4,2 
3105246 5634012 1,4,5,1 
3105264 5634012 1,4,4 
3105426 5634012 1,4,4,1 
3106254 5634012 1,4,3 
3106524 5634012 1,4,2 
3205146 5634012 1,4,4 
3205164 5634012 1,4,3 
3206154 5634012 1,4,2 
3502146 5634012 1,4,3 
3502164 5634012 1,4,2 
3504126 5634012 1,4,2 
3506124 5634012 1,4 
0325164 5634021 1,3,4,2 
0326154 5634021 1,3,3,1 
0532164 5634021 1,3,3,1 
3205164 5634021 1,3,3 
3206154 5634021 1,3,2 
3502164 5634021 1,3,2 
1305426 5634102 1,3,4,2 
1306524 5634102 1,3,3 
1504326 5634102 1,3,3,1 
1506324 5634102 1,3,2 
3105426 5634102 1,3,3,1 
3106524 5634102 1,3,2 
1305264 5634120 1,4,7,5 
1305462 5634120 1,4,6,3 
1306254 5634120 1,4,6,3 
1306542 5634120 1,4,5,1 
1325064 5634120 1,4,6,3 
1326054 5634120 1,4,5,2 
1503264 5634120 1,4,6,3 
1504362 5634120 1,4,5,1 
1506342 5634120 1,4,4 
1506432 5634120 1,3,2 
1532064 5634120 1,4,5,1 
1534062 5634120 1,4,4 
1536042 5634120 1,4,3 
1543062 5634120 1,3,2 
1546032 5634120 1,2,1 
3105264 5634120 1,4,6,3 
3105462 5634120 1,4,5,2 
3106254 5634120 1,4,5,2 
3106542 5634120 1,4,4,1 
3215064 5634120 1,4,5,1 
3216054 5634120 1,4,4,1 
3512064 5634120 1,4,4 
3514062 5634120 1,4,3 
3516042 5634120 1,4,2 
3521064 5634120 1,3,2 
3541062 5634120 1,2,1 
0325416 5634201 1,2,2,2,1 
0326514 5634201 1,2,2,1 
0534216 5634201 1,2,1,2 
0536214 5634201 1,2,1,1 
0543216 5634201 1,1,1,1 
3205416 5634201 1,2,2,1 
3206514 5634201 1,2,2 
3504216 5634201 1,2,1,1 
3506214 5634201 1,2,1 
0521436 5640123 1,0,3,1 
0541236 5640123 1,0,3 
0521436 5640213 1,0,2,1 
0521463 5640231 1,1,2,2 
0521643 5640231 1,1,1,1 
0542163 5640231 1,1,2,1 
0541326 5640312 1,0,1,1 
1520436 5641203 1,1,2,2 
1540326 5641203 1,1,2,1 
2510436 5641203 1,1,1,1 
1520463 5641230 1,2,3,3 
1520643 5641230 1,2,2,1 
1540263 5641230 1,2,3,2 
1540362 5641230 1,1,2,1 
1542063 5641230 1,1,2,1 
1543062 5641230 1,0,1 
2510463 5641230 1,2,2,1 
2510643 5641230 1,2,1 
1540326 5641302 1,1,1,1 
1540632 5641320 1,1,1 
0542136 5642013 1,0,1,1 
0542163 5642031 1,1,1,1 
2541063 5642130 1,1,1 
0521436 5642301 1,2,2,2,1 
0521643 5642301 1,2,2,1 
0542316 5642301 1,2,1,2 
0542613 5642301 1,2,1,1 
0543216 5642301 1,1,1,1 
2510436 5642301 1,2,2,1 
2510643 5642301 1,2,2 
2540316 5642301 1,2,1,1 
2540613 5642301 1,2,1 
2510643 5642310 1,1,2 
0543126 5643012 1,0,0,2 
1543062 5643120 1,1,0,1 
0543216 5643201 1,0,0,0,1 
1042365 6120453 1,2,1 
1023465 6123450 1,4,6,4,1 
1024365 6123450 1,3,3,1 
1032465 6123450 1,3,3,1 
1034265 6123450 1,2,1 
1042365 6123450 1,2,1 
1023654 6123540 1,3,3,1 
1032654 6123540 1,2,1 
1024365 6124053 1,3,3,1 
1043265 6124053 1,2,1 
1024365 6124350 1,3,3,1 
1043265 6124350 1,2,1 
1024635 6124503 1,4,5,2 
1026435 6124503 1,3,3,1 
1042635 6124503 1,3,2 
1043625 6124503 1,2,1 
1046325 6124503 1,1 
1062435 6124503 1,2,1 
1024653 6124530 1,3,3,1 
1042653 6124530 1,2,1 
1043652 6124530 1,2,1 
1026354 6125340 1,3,3,1 
1036254 6125340 1,2,1 
1063254 6125340 1,2,1 
1026543 6125430 1,2,1 
1032465 6130452 1,3,3,1 
1043265 6130452 1,2,1 
1032654 6130542 1,2,1 
1032465 6132450 1,3,3,1 
1043265 6132450 1,2,1 
1032654 6132540 1,2,2,1 
1034265 6134052 1,4,5,2 
1043265 6134052 1,3,3,1 
1034265 6134250 1,3,3,1 
1043265 6134250 1,2,1 
1032645 6134502 1,5,8,4 
1032654 6134502 1,4,5,2 
1034625 6134502 1,5,7,3 
1036425 6134502 1,4,4,1 
1043625 6134502 1,4,4,1 
1046325 6134502 1,2,1 
1063425 6134502 1,3,2 
1032654 6134520 1,3,3,1 
1034652 6134520 1,3,3,1 
1043652 6134520 1,2,1 
1036254 6135042 1,3,2 
1063254 6135042 1,2,1 
1036254 6135240 1,3,3,1 
1063254 6135240 1,2,1 
1036524 6135402 1,3,2 
1036542 6135420 1,2,1 
1042365 6140253 1,2,1 
1043265 6140352 1,2,1 
1042635 6140523 1,3,2 
1062435 6140523 1,2,1 
1043265 6142053 1,2,1 
1042365 6142350 1,3,3,1 
1043265 6142350 1,2,1 
1042635 6142503 1,3,2 
1043625 6142503 1,2,1 
1062435 6142503 1,2,1 
1064325 6142503 1,1 
1042653 6142530 1,3,3,1 
1043652 6142530 1,2,1 
1043265 6143052 1,2,1 
1043265 6143250 1,2,1 
1043625 6143502 1,3,2 
1064325 6143502 1,2,1 
1043652 6143520 1,2,1 
1024365 6145023 1,4,5,2 
1026435 6145023 1,4,4,1 
1043265 6145023 1,4,4,1 
1046235 6145023 1,4,3 
1064235 6145023 1,3,2 
1043265 6145032 1,3,3,1 
1026435 6145203 1,3,3,1 
1046325 6145203 1,3,2 
1064325 6145203 1,2,1 
1024365 6145230 1,4,6,4,1 
1026453 6145230 1,4,5,2 
1026543 6145230 1,3,3,1 
1043265 6145230 1,4,5,2 
1046253 6145230 1,4,4,1 
1046352 6145230 1,3,2 
1064253 6145230 1,3,2 
1064352 6145230 1,2,1 
1046325 6145302 1,2,2,1 
1064325 6145302 1,1,1,1 
1046532 6145320 1,2,1 
1032654 6150342 1,2,1 
1063254 6150342 1,2,1 
1032654 6152340 1,3,3,1 
1062354 6152340 1,3,3,1 
1063254 6152340 1,2,1 
1062543 6152430 1,2,1 
1063254 6153042 1,2,1 
1063254 6153240 1,2,1 
1032654 6153402 1,3,3,1 
1063524 6153402 1,3,2 
1065324 6153402 1,2,1 
1032654 6153420 1,2,2,1 
1063542 6153420 1,2,1 
1065243 6154230 1,2,1 
1065432 6154320 1,1 
2103465 6213450 1,3,3,1 
2104365 6213450 1,2,1 
2103654 6213540 1,2,1,1 
2104365 6214053 1,2,1 
2104365 6214350 1,2,2,1 
2104635 6214503 1,3,2 
2106435 6214503 1,2,1 
2104653 6214530 1,2,2,1 
2106354 6215340 1,2,2,1 
2106543 6215430 1,1,1 
2031465 6230451 1,4,5,2 
2041365 6230451 1,3,2 
2043165 6230451 1,2,1 
3021465 6230451 1,3,3,1 
3042165 6230451 1,1 
4021365 6230451 1,2,1 
2031654 6230541 1,3,2 
3021654 6230541 1,2,1 
2130465 6231450 1,3,3,1 
2140365 6231450 1,2,1 
2143065 6231450 1,2,1 
2130654 6231540 1,2,2,1 
2014365 6234051 1,5,8,4 
2034165 6234051 1,5,7,3 
2043165 6234051 1,4,4,1 
2104365 6234051 1,4,5,2 
3024165 6234051 1,4,4,1 
3042165 6234051 1,2,1 
4023165 6234051 1,3,2 
2104365 6234150 1,3,3,1 
2134065 6234150 1,3,3,1 
2143065 6234150 1,2,1 
2013645 6234501 1,6,12,8 
2013654 6234501 1,5,8,4 
2014635 6234501 1,6,11,6 
2014653 6234501 1,4,5,2 
2016435 6234501 1,5,7,2 
2031645 6234501 1,6,11,6 
2031654 6234501 1,5,7,3 
2034615 6234501 1,6,9,4 
2036415 6234501 1,5,5,1 
2041635 6234501 1,5,6,1 
2041653 6234501 1,3,2 
2043615 6234501 1,5,5,1 
2046315 6234501 1,3,1 
2061435 6234501 1,4,3 
2063415 6234501 1,4,2 
2103645 6234501 1,5,8,4 
2103654 6234501 1,4,5,2 
2104635 6234501 1,5,7,3 
2104653 6234501 1,3,3,1 
2106435 6234501 1,4,4,1 
2130645 6234501 1,4,5,2 
2130654 6234501 1,3,3,1 
2140635 6234501 1,3,2 
2140653 6234501 1,2,1 
2160435 6234501 1,2,1 
3021645 6234501 1,5,7,2 
3021654 6234501 1,4,4,1 
3024615 6234501 1,5,5,1 
3026415 6234501 1,4,2 
3042615 6234501 1,3,1 
3046215 6234501 1,1 
3062415 6234501 1,2 
4021635 6234501 1,4,3 
4021653 6234501 1,2,1 
4023615 6234501 1,4,2 
4026315 6234501 1,2 
2103654 6234510 1,3,3,1 
2104653 6234510 1,3,3,1 
2130654 6234510 1,3,3,1 
2140653 6234510 1,2,1 
2016354 6235041 1,4,4 
2036154 6235041 1,4,3 
2063154 6235041 1,3,1 
2106354 6235041 1,3,2 
3026154 6235041 1,3,1 
3062154 6235041 1,1 
2106354 6235140 1,3,3,1 
2136054 6235140 1,3,3,1 
2163054 6235140 1,2,1 
2016534 6235401 1,4,4 
2016543 6235401 1,3,2 
2036514 6235401 1,4,3 
2106534 6235401 1,3,2 
2106543 6235401 1,2,1 
3026514 6235401 1,3,1 
2106543 6235410 1,2,1 
2041365 6240153 1,3,2 
4021365 6240153 1,2,1 
2041365 6240351 1,3,2 
2043165 6240351 1,2,1 
4021365 6240351 1,2,1 
4032165 6240351 1,1 
2041635 6240513 1,4,4 
2061435 6240513 1,3,2 
4021635 6240513 1,3,2 
2041653 6240531 1,3,2 
4021653 6240531 1,2,1 
2140365 6241350 1,3,3,1 
2143065 6241350 1,2,1 
2140635 6241503 1,3,2 
2160435 6241503 1,2,1 
2140653 6241530 1,3,3,1 
2043165 6243051 1,3,2 
4032165 6243051 1,2,1 
2143065 6243150 1,2,1 
2041635 6243501 1,4,4 
2041653 6243501 1,3,2 
2043615 6243501 1,4,3 
2061435 6243501 1,3,2 
2064315 6243501 1,3,1 
2140635 6243501 1,3,2 
2140653 6243501 1,2,1 
2160435 6243501 1,2,1 
4021635 6243501 1,3,2 
4021653 6243501 1,2,1 
4032615 6243501 1,3,1 
4062315 6243501 1,2 
2140653 6243510 1,2,1 
2014365 6245013 1,5,8,4 
2016435 6245013 1,5,7,2 
2043165 6245013 1,5,6,1 
2046135 6245013 1,5,5 
2064135 6245013 1,4,3 
2104365 6245013 1,4,5,2 
2106435 6245013 1,4,4,1 
4023165 6245013 1,4,3 
4026135 6245013 1,4,2 
4032165 6245013 1,2,1 
4062135 6245013 1,1 
2014365 6245031 1,4,5,2 
2016453 6245031 1,4,4 
2016543 6245031 1,3,2 
2043165 6245031 1,4,4,1 
2046153 6245031 1,4,3 
2064153 6245031 1,3,1 
2104365 6245031 1,3,3,1 
2106453 6245031 1,3,2 
2106543 6245031 1,2,1 
4023165 6245031 1,3,2 
4026153 6245031 1,3,1 
4032165 6245031 1,2,1 
4062153 6245031 1,1 
2106435 6245103 1,3,3,1 
2104365 6245130 1,4,6,4,1 
2106453 6245130 1,4,5,2 
2106543 6245130 1,3,3,1 
2143065 6245130 1,4,5,2 
2146053 6245130 1,4,4,1 
2164053 6245130 1,3,2 
2016435 6245301 1,3,3,2 
2016543 6245301 1,3,2 
2046315 6245301 1,3,3,1 
2046513 6245301 1,3,2 
2064315 6245301 1,2,1,1 
2106435 6245301 1,2,2,1 
2106543 6245301 1,2,1 
4026315 6245301 1,2,2 
4026513 6245301 1,2,1 
4036215 6245301 1,2,1 
4063215 6245301 1,1 
2106543 6245310 1,2,1 
2031654 6250341 1,3,2 
2061354 6250341 1,3,2 
2063154 6250341 1,2,1 
3021654 6250341 1,2,1 
3062154 6250341 1,1 
2061543 6250431 1,2 
2130654 6251340 1,3,3,1 
2160354 6251340 1,3,3,1 
2163054 6251340 1,2,1 
2160543 6251430 1,2,1 
2063154 6253041 1,3,2 
3062154 6253041 1,2,1 
2163054 6253140 1,2,1 
2031654 6253401 1,4,5,2 
2061534 6253401 1,4,4 
2061543 6253401 1,3,2 
2063514 6253401 1,4,3 
2065314 6253401 1,3,1 
2130654 6253401 1,3,3,1 
2160534 6253401 1,3,2 
2160543 6253401 1,2,1 
3021654 6253401 1,3,3,1 
3062514 6253401 1,3,1 
3065214 6253401 1,1 
2130654 6253410 1,2,2,1 
2160543 6253410 1,2,1 
2065143 6254031 1,2 
2165043 6254130 1,2,1 
2065413 6254301 1,2 
3102465 6312450 1,3,3,1 
3104265 6312450 1,2,1 
4103265 6312450 1,2,1 
3102654 6312540 1,2,2,1 
3104265 6314052 1,3,2 
4103265 6314052 1,2,1 
3104265 6314250 1,3,3,1 
4103265 6314250 1,2,1 
3102645 6314502 1,4,4 
3102654 6314502 1,3,2 
3104625 6314502 1,4,3 
3106425 6314502 1,3,1 
4103625 6314502 1,3,1 
4106325 6314502 1,1 
3102654 6314520 1,3,3,1 
3104652 6314520 1,3,3,1 
4103652 6314520 1,2,1 
3106254 6315042 1,2 
3106254 6315240 1,3,3,1 
3106524 6315402 1,2,1 
3106542 6315420 1,2,1 
3210465 6321450 1,2,1 
3210654 6321540 1,1,1 
3204165 6324051 1,3,2 
3214065 6324150 1,2,1 
3201645 6324501 1,4,4 
3201654 6324501 1,3,2 
3204615 6324501 1,4,3 
3206415 6324501 1,3,1 
3210645 6324501 1,3,2 
3210654 6324501 1,2,1 
3210654 6324510 1,2,1 
3206154 6325041 1,2,1 
3216054 6325140 1,2,1 
3206514 6325401 1,2,2 
1032465 6340152 1,4,5,2 
1043265 6340152 1,4,4,1 
3021465 6340152 1,4,4,1 
3041265 6340152 1,4,3 
4031265 6340152 1,3,2 
3021465 6340251 1,3,3,1 
3042165 6340251 1,3,2 
4032165 6340251 1,2,1 
1032645 6340512 1,5,8,4 
1032654 6340512 1,4,5,2 
1043625 6340512 1,5,6,1 
1063425 6340512 1,4,3 
1064325 6340512 1,2,1 
3021645 6340512 1,5,7,2 
3021654 6340512 1,4,4,1 
3041625 6340512 1,5,5 
3061425 6340512 1,4,2 
4031625 6340512 1,4,3 
4061325 6340512 1,1 
3021654 6340521 1,3,3,1 
1043265 6341052 1,3,3,1 
1032465 6341250 1,4,6,4,1 
1043265 6341250 1,4,5,2 
3120465 6341250 1,4,5,2 
3140265 6341250 1,4,4,1 
3142065 6341250 1,3,2 
3210465 6341250 1,3,3,1 
4130265 6341250 1,3,2 
4132065 6341250 1,2,1 
1032645 6341502 1,4,5,2 
1032654 6341502 1,3,3,1 
1043625 6341502 1,4,4,1 
1063425 6341502 1,3,2 
1064325 6341502 1,2,1 
3120645 6341502 1,4,4 
3120654 6341502 1,3,2 
3140625 6341502 1,4,3 
3160425 6341502 1,3,1 
3210645 6341502 1,3,2 
3210654 6341502 1,2,1 
4130625 6341502 1,3,1 
4160325 6341502 1,1 
1032654 6341520 1,4,6,4,1 
1043652 6341520 1,4,5,2 
3120654 6341520 1,4,5,2 
3140652 6341520 1,4,4,1 
3210654 6341520 1,3,3,1 
4130652 6341520 1,3,2 
3042165 6342051 1,2,2,1 
4032165 6342051 1,1,1,1 
3241065 6342150 1,2,1 
3021645 6342501 1,3,3,2 
3021654 6342501 1,2,2,1 
3042615 6342501 1,3,3,1 
3062415 6342501 1,2,2 
3064215 6342501 1,2,1 
3210645 6342501 1,3,2 
3210654 6342501 1,2,1 
3240615 6342501 1,3,2 
3260415 6342501 1,2,1 
4032615 6342501 1,2,1,1 
4063215 6342501 1,1 
3210654 6342510 1,2,1 
1034265 6345012 1,6,13,10,1 
1036245 6345012 1,6,12,7 
1036254 6345012 1,5,8,3 
1036425 6345012 1,6,10,4 
1036524 6345012 1,4,4,1 
1043265 6345012 1,6,11,7,1 
1046325 6345012 1,6,8,2 
1063245 6345012 1,5,7,3 
1063254 6345012 1,4,4,1 
1064325 6345012 1,5,5,1 
3014265 6345012 1,6,12,7 
3016245 6345012 1,6,11,4 
3016254 6345012 1,5,7,1 
3016425 6345012 1,6,9,2 
3016524 6345012 1,4,3 
3024165 6345012 1,6,10,4 
3026145 6345012 1,6,9,2 
3026154 6345012 1,5,6,1 
3042165 6345012 1,6,8,2 
3046125 6345012 1,6,6 
3062145 6345012 1,5,4 
3062154 6345012 1,4,2 
3064125 6345012 1,5,3 
3104265 6345012 1,5,8,3 
3106245 6345012 1,5,7,1 
3106254 6345012 1,4,4 
3106425 6345012 1,5,6,1 
3106524 6345012 1,3,2 
3204165 6345012 1,4,4,1 
3206145 6345012 1,4,3 
3206154 6345012 1,3,2 
4013265 6345012 1,5,7,3 
4016325 6345012 1,5,4 
4032165 6345012 1,5,5,1 
4036125 6345012 1,5,3 
4063125 6345012 1,2 
4103265 6345012 1,4,4,1 
4106325 6345012 1,4,2 
3024165 6345021 1,4,6,3 
3026154 6345021 1,4,5,1 
3042165 6345021 1,4,5,2 
3062154 6345021 1,3,2 
3204165 6345021 1,3,3,1 
3206154 6345021 1,3,2 
4032165 6345021 1,3,3,1 
1036425 6345102 1,4,6,3 
1036524 6345102 1,3,3,1 
1046325 6345102 1,4,5,2 
1064325 6345102 1,3,3,1 
3106425 6345102 1,4,5,1 
3106524 6345102 1,3,2 
4106325 6345102 1,3,2 
1034265 6345120 1,5,10,9,3 
1036254 6345120 1,5,9,6,1 
1036452 6345120 1,5,8,4 
1036542 6345120 1,4,5,2 
1043265 6345120 1,5,9,7,2 
1046352 6345120 1,5,7,3 
1046532 6345120 1,3,3,1 
1063254 6345120 1,4,5,2 
1064352 6345120 1,4,4,1 
3104265 6345120 1,5,9,6,1 
3106254 6345120 1,5,8,3 
3106452 6345120 1,5,7,2 
3106542 6345120 1,4,4,1 
3124065 6345120 1,5,8,4 
3126054 6345120 1,5,7,2 
3142065 6345120 1,5,7,3 
3146052 6345120 1,5,5,1 
3162054 6345120 1,4,3 
3164052 6345120 1,4,2 
3214065 6345120 1,4,5,2 
3216054 6345120 1,4,4,1 
3241065 6345120 1,3,3,1 
3261054 6345120 1,2,1 
4103265 6345120 1,4,5,2 
4106352 6345120 1,4,3 
4106532 6345120 1,2,1 
4132065 6345120 1,4,4,1 
4136052 6345120 1,4,2 
4163052 6345120 1,2 
3026415 6345201 1,2,3,3 
3026514 6345201 1,2,2,1 
3046215 6345201 1,2,3,2 
3064215 6345201 1,1,2,1 
3206415 6345201 1,2,2,1 
3206514 6345201 1,2,1 
4036215 6345201 1,1,2,1 
4063215 6345201 1,0,1 
1032654 6350142 1,3,2 
1063254 6350142 1,3,1 
3021654 6350142 1,3,1 
3061254 6350142 1,3 
3021654 6350241 1,3,3,1 
3062154 6350241 1,3,2 
1032654 6350412 1,3,2 
1063524 6350412 1,3,1 
1065324 6350412 1,2,1 
3021654 6350412 1,3,1 
3061524 6350412 1,3 
3021654 6350421 1,2,1 
1063254 6351042 1,2,1 
1032654 6351240 1,4,6,4,1 
1063254 6351240 1,4,5,2 
3120654 6351240 1,4,5,2 
3160254 6351240 1,4,4,1 
3162054 6351240 1,3,2 
3210654 6351240 1,3,3,1 
1032654 6351402 1,3,3,1 
1063524 6351402 1,3,2 
1065324 6351402 1,2,1 
3120654 6351402 1,3,2 
3160524 6351402 1,3,1 
3210654 6351402 1,2,1 
1032654 6351420 1,3,3,1 
1063542 6351420 1,3,2 
3120654 6351420 1,3,2 
3160542 6351420 1,3,1 
3210654 6351420 1,2,1 
3062154 6352041 1,2,2 
3261054 6352140 1,2,1 
3021654 6352401 1,3,4,2 
3062514 6352401 1,3,3 
3065214 6352401 1,2,1 
3210654 6352401 1,3,3,1 
3260514 6352401 1,3,2 
3210654 6352410 1,2,2,1 
1063254 6354012 1,3,2 
1065324 6354012 1,3,1 
3062154 6354012 1,3,1 
3065124 6354012 1,3 
3062154 6354021 1,2,1 
1065324 6354102 1,2,1 
1063254 6354120 1,3,3,1 
1065342 6354120 1,3,2 
1065432 6354120 1,2,1 
3162054 6354120 1,3,2 
3165042 6354120 1,3,1 
3261054 6354120 1,2,1 
3065214 6354201 1,1,1 
2104365 6412053 1,2,1 
4103265 6412053 1,2,1 
2104365 6412350 1,3,3,1 
4102365 6412350 1,3,3,1 
4103265 6412350 1,2,1 
2104635 6412503 1,3,2 
2106435 6412503 1,2,1 
4102635 6412503 1,3,2 
4103625 6412503 1,2,1 
4106325 6412503 1,1 
2104653 6412530 1,3,3,1 
4102653 6412530 1,3,3,1 
4103652 6412530 1,2,1 
4103265 6413052 1,2,1 
4103265 6413250 1,2,1 
4103625 6413502 1,3,2 
4106325 6413502 1,2,1 
4103652 6413520 1,2,1 
2104365 6415023 1,3,2 
2106435 6415023 1,3,1 
4103265 6415023 1,3,1 
4106235 6415023 1,3 
4103265 6415032 1,2,1 
2106435 6415203 1,3,3,1 
4106325 6415203 1,3,2 
2104365 6415230 1,4,6,4,1 
2106453 6415230 1,4,5,2 
2106543 6415230 1,3,3,1 
4103265 6415230 1,4,5,2 
4106253 6415230 1,4,4,1 
4106352 6415230 1,3,2 
4106325 6415302 1,2,2 
4106532 6415320 1,2,1 
4210365 6421350 1,2,1 
4210635 6421503 1,2 
4210653 6421530 1,2,1 
2104365 6423051 1,3,3,1 
4203165 6423051 1,3,2 
4302165 6423051 1,2,1 
2104365 6423150 1,2,2,1 
4213065 6423150 1,2,1 
2104635 6423501 1,4,5,2 
2104653 6423501 1,3,3,1 
2106435 6423501 1,3,3,1 
4201635 6423501 1,4,4 
4201653 6423501 1,3,2 
4203615 6423501 1,4,3 
4206315 6423501 1,3,1 
4210635 6423501 1,3,2 
4210653 6423501 1,2,1 
4302615 6423501 1,3,1 
4306215 6423501 1,1 
2104653 6423510 1,2,2,1 
4210653 6423510 1,2,1 
2104365 6425013 1,3,2 
2106435 6425013 1,3,1 
4203165 6425013 1,3,1 
4206135 6425013 1,3 
4302165 6425013 1,2,1 
2104365 6425031 1,3,3,1 
2106453 6425031 1,3,2 
2106543 6425031 1,2,1 
4203165 6425031 1,3,2 
4206153 6425031 1,3,1 
4302165 6425031 1,2,1 
2106435 6425103 1,2,1 
2104365 6425130 1,3,3,1 
2106453 6425130 1,3,2 
2106543 6425130 1,2,1 
4213065 6425130 1,3,2 
4216053 6425130 1,3,1 
2106435 6425301 1,3,4,2 
2106543 6425301 1,3,3,1 
4206315 6425301 1,3,3 
4206513 6425301 1,3,2 
4306215 6425301 1,2,1 
2106543 6425310 1,2,2,1 
4310265 6431250 1,2,1 
4310625 6431502 1,2 
4310652 6431520 1,2,1 
4321065 6432150 1,1 
4320615 6432501 1,2 
4103265 6435012 1,3,2 
4106325 6435012 1,3,1 
4302165 6435012 1,3,1 
4306125 6435012 1,3 
4302165 6435021 1,2,1 
4106325 6435102 1,2,1 
4103265 6435120 1,3,3,1 
4106352 6435120 1,3,2 
4106532 6435120 1,2,1 
4312065 6435120 1,3,2 
4316052 6435120 1,3,1 
4321065 6435120 1,2,1 
4306215 6435201 1,1,1 
1042365 6450123 1,4,5,1 
1042635 6450123 1,4,4 
1043265 6450123 1,4,4,1 
1062435 6450123 1,4,3 
1064235 6450123 1,4,2 
2041365 6450123 1,4,4 
2041635 6450123 1,4,3 
2061435 6450123 1,4,2 
4021365 6450123 1,4,3 
4021635 6450123 1,4,2 
4031265 6450123 1,4,2 
4061235 6450123 1,4 
1043265 6450132 1,3,3,1 
4031265 6450132 1,3,2 
2041635 6450213 1,3,3 
2061435 6450213 1,3,2 
4021635 6450213 1,3,2 
2041365 6450231 1,4,6,3 
2041653 6450231 1,4,5,1 
2043165 6450231 1,4,5,2 
2061453 6450231 1,4,4 
2061543 6450231 1,3,2 
2064153 6450231 1,4,3 
2065143 6450231 1,2,1 
4021365 6450231 1,4,5,2 
4021653 6450231 1,4,4,1 
4032165 6450231 1,4,4,1 
4062153 6450231 1,4,2 
1043625 6450312 1,2,2,1 
1064325 6450312 1,2,1,1 
4031625 6450312 1,2,2 
4061325 6450312 1,2,1 
1043265 6451023 1,3,3,1 
1064235 6451023 1,3,2 
1043265 6451032 1,2,2,1 
1042635 6451203 1,4,6,3 
1043625 6451203 1,4,5,2 
1062435 6451203 1,4,5,2 
1064325 6451203 1,4,4,1 
2140635 6451203 1,4,5,1 
2160435 6451203 1,4,4,1 
4120635 6451203 1,4,4 
4130625 6451203 1,4,3 
4160325 6451203 1,4,2 
4210635 6451203 1,3,2 
4310625 6451203 1,2,1 
1042365 6451230 1,5,10,9,3 
1042653 6451230 1,5,9,6,1 
1043265 6451230 1,5,9,7,2 
1043652 6451230 1,4,5,2 
1062453 6451230 1,5,8,4 
1062543 6451230 1,4,5,2 
1064253 6451230 1,5,7,3 
1064352 6451230 1,4,4,1 
1065243 6451230 1,3,3,1 
2140365 6451230 1,5,9,6,1 
2140653 6451230 1,5,8,3 
2143065 6451230 1,4,5,2 
2160453 6451230 1,5,7,2 
2160543 6451230 1,4,4,1 
2164053 6451230 1,4,3 
2165043 6451230 1,2,1 
4120365 6451230 1,5,8,4 
4120653 6451230 1,5,7,2 
4130265 6451230 1,5,7,3 
4130652 6451230 1,4,3 
4132065 6451230 1,4,4,1 
4160253 6451230 1,5,5,1 
4160352 6451230 1,4,2 
4162053 6451230 1,4,2 
4163052 6451230 1,2 
4210365 6451230 1,4,5,2 
4210653 6451230 1,4,4,1 
4310265 6451230 1,3,3,1 
4310652 6451230 1,2,1 
1043625 6451302 1,3,4,2 
1064325 6451302 1,3,3,1 
4130625 6451302 1,3,3 
4160325 6451302 1,3,2 
4310625 6451302 1,2,1 
1043652 6451320 1,3,3,1 
1064532 6451320 1,3,2 
1065432 6451320 1,2,1 
4130652 6451320 1,3,2 
4160532 6451320 1,3,1 
4310652 6451320 1,2,1 
2043165 6452013 1,2,2,1 
2064135 6452013 1,2,2 
4032165 6452013 1,2,1,1 
4062135 6452013 1,2,1 
2043165 6452031 1,3,4,2 
2064153 6452031 1,3,3 
2065143 6452031 1,2,1 
4032165 6452031 1,3,3,1 
4062153 6452031 1,3,2 
2143065 6452130 1,3,3,1 
2164053 6452130 1,3,2 
2165043 6452130 1,2,1 
4231065 6452130 1,3,2 
4261053 6452130 1,3,1 
4321065 6452130 1,2,1 
2041635 6452301 1,4,7,5 
2041653 6452301 1,4,6,3 
2043615 6452301 1,4,6,3 
2061435 6452301 1,4,6,3 
2061543 6452301 1,4,5,1 
2064315 6452301 1,4,5,1 
2064513 6452301 1,4,4 
2065413 6452301 1,3,2 
2140635 6452301 1,4,6,3 
2140653 6452301 1,4,5,2 
2160435 6452301 1,4,5,2 
2160543 6452301 1,4,4,1 
4021635 6452301 1,4,6,3 
4021653 6452301 1,4,5,2 
4032615 6452301 1,4,5,1 
4062315 6452301 1,4,4 
4062513 6452301 1,4,3 
4063215 6452301 1,3,2 
4065213 6452301 1,2,1 
4210635 6452301 1,4,5,1 
4210653 6452301 1,4,4,1 
4230615 6452301 1,4,4 
4260315 6452301 1,4,3 
4260513 6452301 1,4,2 
4320615 6452301 1,3,2 
4360215 6452301 1,2,1 
2140653 6452310 1,3,4,2 
2160543 6452310 1,3,3,1 
4210653 6452310 1,3,3,1 
1043265 6453012 1,1,2,2 
1064325 6453012 1,1,2,1 
4032165 6453012 1,1,2,1 
4063125 6453012 1,1,2 
4032165 6453021 1,1,1,1 
1064325 6453102 1,1,1,1 
1043265 6453120 1,2,2,2,1 
1064352 6453120 1,2,2,1 
1065432 6453120 1,2,1 
4132065 6453120 1,2,2,1 
4163052 6453120 1,2,2 
4165032 6453120 1,2,1 
4321065 6453120 1,2,1 
4361052 6453120 1,2,1 
4063215 6453201 1,1,0,1 
2103654 6512340 1,3,3,1 
2106354 6512340 1,3,3,1 
3102654 6512340 1,3,3,1 
3106254 6512340 1,2,1 
2106543 6512430 1,2,1 
3106254 6513042 1,2,1 
3106254 6513240 1,2,1 
3102654 6513402 1,3,3,1 
3106524 6513402 1,3,2 
3102654 6513420 1,2,2,1 
3106542 6513420 1,2,1 
2106543 6514230 1,2,1 
3210654 6521340 1,2,1 
2106354 6523041 1,3,3,1 
3206154 6523041 1,3,2 
2106354 6523140 1,2,2,1 
3216054 6523140 1,2,1 
2103654 6523401 1,4,6,4,1 
2106534 6523401 1,4,5,2 
2106543 6523401 1,3,3,1 
3201654 6523401 1,4,5,2 
3206514 6523401 1,4,3 
3210654 6523401 1,3,3,1 
2103654 6523410 1,2,3,2,1 
2106543 6523410 1,2,2,1 
3210654 6523410 1,2,2,1 
2106543 6524031 1,2,1 
2106543 6524130 1,2,2,1 
2106543 6524301 1,2,1 
2106543 6524310 1,1,1 
3210654 6531240 1,2,1 
3210654 6531402 1,2,1 
3210654 6531420 1,2,2,1 
3210654 6532401 1,2,1 
3210654 6532410 1,1,1 
3106254 6534012 1,3,3 
3106524 6534012 1,3,2 
3206154 6534012 1,3,2 
3206154 6534021 1,2,2 
3106524 6534102 1,2,2 
3106254 6534120 1,3,4,2 
3106542 6534120 1,3,3,1 
3216054 6534120 1,3,3,1 
3206514 6534201 1,1,2 